  2 1
  3 1
  4 2
  4 3
  5 1
  5 2
  5 3
  5 4
  6 1
  6 5
  7 1
  7 2
  7 4
  8 4
  8 5
  9 1
  9 2
  9 3
  9 4
  9 5
  9 7
  9 8
  10 2
  10 3
  10 5
  11 5
  11 6
  11 7
  11 8
  11 9
  12 2
  12 3
  12 4
  12 7
  13 5
  13 7
  13 10
  13 11
  14 1
  14 2
  14 3
  14 5
  14 7
  14 11
  14 12
  15 1
  15 2
  15 6
  15 7
  15 8
  15 9
  15 11
  15 12
  15 13
  16 1
  16 2
  16 5
  16 6
  16 7
  16 8
  16 9
  16 10
  16 13
  17 1
  17 4
  17 7
  17 10
  17 15
  18 1
  18 2
  18 3
  18 7
  18 9
  18 10
  18 11
  18 16
  19 1
  19 3
  19 5
  19 6
  19 7
  19 8
  19 9
  19 10
  19 11
  19 16
  19 17
  20 1
  20 7
  20 10
  20 11
  20 14
  20 16
  20 18
  20 19
  21 2
  21 5
  21 8
  21 10
  21 11
  21 12
  21 13
  21 14
  21 15
  21 16
  21 18
  22 1
  22 3
  22 4
  22 5
  22 6
  22 11
  22 13
  22 14
  22 18
  22 19
  22 20
  23 1
  23 2
  23 3
  23 4
  23 5
  23 7
  23 11
  23 13
  23 17
  23 18
  23 21
  24 1
  24 2
  24 3
  24 4
  24 5
  24 6
  24 7
  24 9
  24 10
  24 11
  24 12
  24 15
  24 18
  24 21
  24 22
  25 2
  25 5
  25 12
  25 14
  25 15
  25 19
  25 21
  26 1
  26 6
  26 8
  26 10
  26 14
  26 15
  26 16
  26 17
  26 23
  26 24
  26 25
  27 1
  27 3
  27 6
  27 7
  27 8
  27 9
  27 14
  27 15
  27 18
  27 19
  27 20
  27 22
  27 23
  27 25
  27 26
  28 3
  28 4
  28 6
  28 8
  28 9
  28 10
  28 12
  28 14
  28 17
  28 19
  28 21
  28 22
  28 23
  28 24
  28 26
  28 27
  29 1
  29 3
  29 4
  29 5
  29 6
  29 7
  29 10
  29 11
  29 12
  29 14
  29 17
  29 19
  29 20
  29 22
  29 24
  30 3
  30 5
  30 6
  30 8
  30 9
  30 10
  30 13
  30 16
  30 19
  30 20
  30 21
  30 22
  30 24
  30 25
  30 26
  30 28
  30 29
  31 1
  31 2
  31 7
  31 8
  31 9
  31 12
  31 13
  31 15
  31 16
  31 17
  31 19
  31 21
  31 23
  31 25
  31 28
  31 29
  32 1
  32 5
  32 8
  32 9
  32 10
  32 12
  32 15
  32 16
  32 20
  32 21
  32 25
  32 26
  32 31
  33 2
  33 3
  33 8
  33 10
  33 11
  33 14
  33 17
  33 18
  33 19
  33 20
  33 21
  33 22
  33 24
  33 26
  33 27
  33 28
  33 30
  33 31
  33 32
  34 1
  34 3
  34 4
  34 5
  34 7
  34 8
  34 10
  34 11
  34 12
  34 13
  34 15
  34 17
  34 18
  34 19
  34 21
  34 25
  34 29
  34 30
  34 32
  35 3
  35 4
  35 5
  35 6
  35 7
  35 13
  35 14
  35 15
  35 16
  35 17
  35 21
  35 22
  35 23
  35 24
  35 26
  35 28
  35 31
  35 33
  35 34
  36 1
  36 4
  36 6
  36 8
  36 10
  36 12
  36 15
  36 21
  36 22
  36 24
  36 26
  36 27
  36 28
  36 29
  36 31
  36 32
  36 33
  37 1
  37 3
  37 5
  37 7
  37 8
  37 9
  37 11
  37 14
  37 19
  37 23
  37 24
  37 27
  37 29
  37 30
  37 31
  37 32
  37 33
  37 35
  37 36
  38 1
  38 3
  38 4
  38 6
  38 7
  38 8
  38 9
  38 12
  38 14
  38 16
  38 18
  38 20
  38 22
  38 23
  38 24
  38 25
  38 31
  38 34
  39 2
  39 5
  39 6
  39 12
  39 14
  39 16
  39 18
  39 21
  39 25
  39 26
  39 27
  39 30
  39 31
  39 32
  39 33
  39 35
  39 36
  39 38
  40 3
  40 6
  40 7
  40 8
  40 11
  40 12
  40 14
  40 17
  40 18
  40 19
  40 20
  40 22
  40 27
  40 31
  40 33
  40 38
  41 2
  41 3
  41 4
  41 5
  41 7
  41 9
  41 10
  41 12
  41 13
  41 14
  41 15
  41 16
  41 17
  41 18
  41 20
  41 21
  41 22
  41 23
  41 24
  41 25
  41 26
  41 27
  41 29
  41 30
  41 36
  42 2
  42 4
  42 13
  42 14
  42 17
  42 19
  42 22
  42 24
  42 25
  42 28
  42 29
  42 30
  42 31
  42 32
  42 34
  42 38
  42 41
  43 1
  43 2
  43 3
  43 4
  43 5
  43 8
  43 9
  43 11
  43 12
  43 15
  43 16
  43 17
  43 18
  43 19
  43 20
  43 22
  43 23
  43 25
  43 28
  43 30
  43 31
  43 33
  43 34
  43 37
  43 39
  43 42
  44 3
  44 5
  44 6
  44 7
  44 10
  44 12
  44 15
  44 17
  44 19
  44 21
  44 22
  44 24
  44 25
  44 29
  44 32
  44 33
  44 37
  44 38
  44 39
  44 40
  44 41
  44 42
  45 1
  45 6
  45 7
  45 8
  45 10
  45 11
  45 13
  45 15
  45 16
  45 17
  45 18
  45 20
  45 21
  45 22
  45 23
  45 24
  45 28
  45 30
  45 38
  45 44
  46 2
  46 3
  46 6
  46 7
  46 10
  46 11
  46 15
  46 16
  46 17
  46 19
  46 20
  46 21
  46 24
  46 25
  46 27
  46 28
  46 30
  46 33
  46 34
  46 36
  46 43
  46 44
  46 45
  47 9
  47 11
  47 13
  47 15
  47 17
  47 18
  47 23
  47 27
  47 28
  47 32
  47 33
  47 34
  47 37
  47 39
  47 41
  47 42
  47 44
  48 2
  48 3
  48 6
  48 8
  48 10
  48 12
  48 13
  48 14
  48 18
  48 19
  48 21
  48 23
  48 26
  48 28
  48 29
  48 31
  48 33
  48 34
  48 35
  48 38
  48 39
  48 40
  48 42
  48 45
  49 3
  49 4
  49 6
  49 7
  49 8
  49 9
  49 11
  49 12
  49 16
  49 17
  49 19
  49 20
  49 23
  49 25
  49 31
  49 32
  49 33
  49 34
  49 35
  49 41
  49 42
  49 43
  49 48
  50 4
  50 8
  50 9
  50 10
  50 12
  50 14
  50 22
  50 25
  50 28
  50 29
  50 30
  50 34
  50 36
  50 37
  50 41
  50 44
  50 46
  50 47
  50 49
  51 3
  51 4
  51 6
  51 12
  51 13
  51 15
  51 16
  51 19
  51 26
  51 27
  51 30
  51 31
  51 32
  51 34
  51 37
  51 38
  51 40
  51 41
  51 43
  51 45
  51 48
  51 50
  52 3
  52 7
  52 9
  52 14
  52 15
  52 17
  52 19
  52 20
  52 21
  52 22
  52 24
  52 25
  52 26
  52 28
  52 30
  52 32
  52 33
  52 34
  52 38
  52 40
  52 41
  52 42
  52 43
  52 46
  52 48
  52 49
  52 50
  52 51
  53 2
  53 3
  53 6
  53 7
  53 8
  53 9
  53 11
  53 12
  53 13
  53 14
  53 15
  53 18
  53 20
  53 21
  53 22
  53 23
  53 24
  53 25
  53 27
  53 29
  53 32
  53 34
  53 37
  53 39
  53 40
  53 41
  53 46
  53 49
  53 50
  54 2
  54 7
  54 8
  54 10
  54 11
  54 15
  54 17
  54 19
  54 21
  54 22
  54 23
  54 24
  54 28
  54 30
  54 33
  54 35
  54 36
  54 37
  54 40
  54 43
  54 49
  54 51
  54 53
  55 4
  55 5
  55 6
  55 7
  55 8
  55 9
  55 10
  55 15
  55 16
  55 20
  55 21
  55 22
  55 23
  55 27
  55 29
  55 31
  55 35
  55 36
  55 41
  55 43
  55 44
  55 47
  55 48
  55 51
  55 52
  55 53
  56 2
  56 3
  56 6
  56 9
  56 12
  56 13
  56 16
  56 17
  56 18
  56 19
  56 25
  56 26
  56 29
  56 32
  56 33
  56 34
  56 35
  56 40
  56 41
  56 42
  56 48
  56 50
  56 51
  56 52
  56 53
  56 54
  56 55
  57 3
  57 4
  57 5
  57 6
  57 13
  57 16
  57 17
  57 18
  57 20
  57 21
  57 22
  57 23
  57 25
  57 26
  57 27
  57 28
  57 29
  57 30
  57 34
  57 35
  57 38
  57 40
  57 41
  57 44
  57 45
  57 46
  57 47
  57 49
  57 53
  57 54
  57 55
  57 56
  58 1
  58 2
  58 6
  58 7
  58 8
  58 10
  58 18
  58 19
  58 20
  58 21
  58 26
  58 28
  58 29
  58 32
  58 33
  58 34
  58 35
  58 36
  58 39
  58 43
  58 44
  58 47
  58 48
  58 49
  58 53
  58 55
  58 57
  59 2
  59 3
  59 5
  59 6
  59 7
  59 8
  59 11
  59 17
  59 19
  59 21
  59 22
  59 23
  59 24
  59 25
  59 28
  59 29
  59 31
  59 32
  59 34
  59 40
  59 41
  59 43
  59 44
  59 45
  59 46
  59 48
  59 49
  59 50
  59 51
  59 54
  59 58
  60 3
  60 5
  60 7
  60 8
  60 9
  60 11
  60 14
  60 15
  60 16
  60 19
  60 23
  60 27
  60 28
  60 34
  60 39
  60 40
  60 41
  60 42
  60 45
  60 47
  60 48
  60 49
  60 51
  60 52
  60 53
  60 54
  60 56
  60 57
  60 59
  61 2
  61 3
  61 4
  61 5
  61 6
  61 7
  61 9
  61 11
  61 12
  61 17
  61 18
  61 21
  61 25
  61 27
  61 28
  61 33
  61 34
  61 35
  61 37
  61 41
  61 42
  61 44
  61 45
  61 46
  61 47
  61 48
  61 51
  61 52
  61 55
  61 57
  61 58
  61 59
  61 60
  62 1
  62 2
  62 3
  62 4
  62 5
  62 6
  62 8
  62 15
  62 16
  62 18
  62 20
  62 21
  62 22
  62 23
  62 24
  62 25
  62 26
  62 29
  62 33
  62 34
  62 35
  62 38
  62 42
  62 43
  62 44
  62 45
  62 46
  62 48
  62 49
  62 52
  62 53
  62 55
  62 56
  62 57
  62 60
  62 61
  63 1
  63 2
  63 3
  63 4
  63 7
  63 8
  63 10
  63 15
  63 17
  63 21
  63 23
  63 25
  63 26
  63 30
  63 34
  63 35
  63 36
  63 37
  63 40
  63 42
  63 46
  63 47
  63 48
  63 49
  63 51
  63 52
  63 54
  63 56
  63 59
  63 60
  63 62
  64 2
  64 3
  64 6
  64 7
  64 13
  64 15
  64 18
  64 24
  64 27
  64 28
  64 29
  64 30
  64 31
  64 33
  64 34
  64 37
  64 38
  64 43
  64 45
  64 46
  64 49
  64 50
  64 51
  64 53
  64 54
  64 56
  64 60
  64 63
  65 2
  65 5
  65 6
  65 13
  65 15
  65 19
  65 23
  65 24
  65 25
  65 26
  65 27
  65 28
  65 29
  65 30
  65 31
  65 33
  65 34
  65 37
  65 40
  65 43
  65 44
  65 45
  65 48
  65 49
  65 50
  65 51
  65 52
  65 55
  65 59
  65 62
  65 64
  66 2
  66 3
  66 6
  66 8
  66 10
  66 13
  66 19
  66 20
  66 21
  66 23
  66 25
  66 26
  66 30
  66 33
  66 38
  66 40
  66 42
  66 43
  66 46
  66 47
  66 48
  66 51
  66 55
  66 57
  66 59
  66 62
  66 63
  67 1
  67 3
  67 4
  67 8
  67 9
  67 10
  67 13
  67 18
  67 19
  67 22
  67 23
  67 24
  67 25
  67 33
  67 34
  67 35
  67 37
  67 38
  67 40
  67 41
  67 42
  67 46
  67 48
  67 50
  67 51
  67 52
  67 57
  67 58
  67 59
  67 62
  67 63
  67 64
  67 66
  68 1
  68 2
  68 3
  68 5
  68 9
  68 11
  68 16
  68 19
  68 21
  68 23
  68 24
  68 27
  68 28
  68 29
  68 35
  68 39
  68 41
  68 42
  68 44
  68 45
  68 47
  68 56
  68 59
  68 60
  68 61
  68 62
  68 65
  69 1
  69 3
  69 6
  69 8
  69 9
  69 12
  69 14
  69 16
  69 17
  69 18
  69 19
  69 21
  69 22
  69 23
  69 24
  69 25
  69 26
  69 27
  69 29
  69 31
  69 33
  69 34
  69 35
  69 36
  69 37
  69 38
  69 39
  69 40
  69 41
  69 44
  69 47
  69 48
  69 49
  69 51
  69 52
  69 55
  69 56
  69 57
  69 58
  69 63
  69 66
  69 67
  69 68
  70 2
  70 5
  70 6
  70 11
  70 12
  70 14
  70 16
  70 17
  70 18
  70 19
  70 20
  70 21
  70 23
  70 25
  70 26
  70 30
  70 32
  70 34
  70 36
  70 37
  70 38
  70 39
  70 40
  70 41
  70 45
  70 46
  70 47
  70 50
  70 51
  70 52
  70 54
  70 59
  70 63
  70 65
  70 67
  70 68
  70 69
  71 2
  71 3
  71 7
  71 8
  71 10
  71 11
  71 13
  71 14
  71 15
  71 16
  71 18
  71 19
  71 21
  71 23
  71 24
  71 25
  71 28
  71 29
  71 30
  71 32
  71 33
  71 36
  71 38
  71 39
  71 42
  71 47
  71 48
  71 50
  71 51
  71 52
  71 54
  71 55
  71 56
  71 58
  71 59
  71 60
  71 61
  71 62
  71 63
  71 64
  71 66
  71 68
  71 69
  71 70
  72 7
  72 9
  72 11
  72 13
  72 14
  72 16
  72 17
  72 18
  72 20
  72 21
  72 22
  72 26
  72 28
  72 29
  72 33
  72 37
  72 38
  72 40
  72 41
  72 42
  72 43
  72 44
  72 46
  72 49
  72 54
  72 56
  72 57
  72 62
  72 63
  72 65
  72 68
  72 69
  72 71
  73 3
  73 10
  73 11
  73 13
  73 14
  73 16
  73 17
  73 18
  73 19
  73 24
  73 26
  73 28
  73 30
  73 31
  73 32
  73 33
  73 36
  73 38
  73 41
  73 44
  73 45
  73 52
  73 54
  73 55
  73 56
  73 57
  73 60
  73 62
  73 63
  73 68
  73 69
  73 72
  74 4
  74 5
  74 8
  74 9
  74 11
  74 12
  74 16
  74 18
  74 19
  74 22
  74 24
  74 26
  74 28
  74 32
  74 33
  74 34
  74 35
  74 36
  74 39
  74 40
  74 43
  74 44
  74 45
  74 46
  74 48
  74 51
  74 52
  74 54
  74 57
  74 59
  74 60
  74 62
  74 63
  74 64
  74 65
  74 66
  74 67
  74 70
  74 71
  74 72
  74 73
  75 5
  75 6
  75 7
  75 8
  75 9
  75 10
  75 11
  75 15
  75 16
  75 24
  75 25
  75 26
  75 27
  75 28
  75 30
  75 31
  75 33
  75 35
  75 36
  75 37
  75 39
  75 40
  75 41
  75 42
  75 43
  75 47
  75 49
  75 50
  75 51
  75 52
  75 53
  75 58
  75 61
  75 63
  75 64
  75 66
  75 67
  75 69
  75 70
  75 71
  75 74
  76 1
  76 2
  76 6
  76 8
  76 11
  76 12
  76 16
  76 17
  76 19
  76 20
  76 21
  76 25
  76 27
  76 29
  76 32
  76 33
  76 34
  76 35
  76 37
  76 38
  76 39
  76 40
  76 41
  76 42
  76 45
  76 46
  76 47
  76 48
  76 49
  76 51
  76 57
  76 61
  76 62
  76 65
  76 66
  76 67
  76 69
  76 71
  76 72
  76 73
  76 74
  76 75
  77 3
  77 7
  77 10
  77 11
  77 17
  77 18
  77 19
  77 20
  77 23
  77 24
  77 26
  77 30
  77 34
  77 35
  77 36
  77 39
  77 42
  77 45
  77 48
  77 50
  77 51
  77 52
  77 53
  77 54
  77 56
  77 57
  77 58
  77 60
  77 61
  77 63
  77 65
  77 67
  77 72
  77 73
  77 74
  77 75
  77 76
  78 1
  78 7
  78 8
  78 9
  78 12
  78 15
  78 18
  78 19
  78 21
  78 28
  78 29
  78 30
  78 31
  78 32
  78 34
  78 35
  78 36
  78 38
  78 40
  78 43
  78 44
  78 46
  78 47
  78 48
  78 50
  78 51
  78 54
  78 55
  78 56
  78 60
  78 62
  78 63
  78 65
  78 66
  78 67
  78 73
  78 74
  78 76
  78 77
  79 2
  79 3
  79 5
  79 6
  79 8
  79 11
  79 13
  79 14
  79 17
  79 19
  79 23
  79 24
  79 25
  79 26
  79 27
  79 28
  79 30
  79 35
  79 37
  79 42
  79 44
  79 45
  79 48
  79 54
  79 58
  79 59
  79 61
  79 63
  79 67
  79 68
  79 70
  79 71
  79 72
  79 73
  79 76
  80 4
  80 5
  80 7
  80 8
  80 9
  80 10
  80 12
  80 13
  80 14
  80 19
  80 20
  80 22
  80 23
  80 28
  80 29
  80 33
  80 35
  80 36
  80 37
  80 38
  80 39
  80 42
  80 43
  80 44
  80 45
  80 46
  80 50
  80 51
  80 52
  80 53
  80 54
  80 55
  80 56
  80 57
  80 58
  80 59
  80 60
  80 62
  80 64
  80 65
  80 66
  80 69
  80 72
  80 77
  80 78
  81 1
  81 2
  81 3
  81 5
  81 11
  81 15
  81 18
  81 19
  81 20
  81 21
  81 22
  81 27
  81 29
  81 30
  81 33
  81 36
  81 37
  81 38
  81 39
  81 41
  81 44
  81 45
  81 46
  81 49
  81 50
  81 55
  81 56
  81 57
  81 59
  81 60
  81 65
  81 66
  81 68
  81 70
  81 72
  81 73
  81 75
  81 77
  81 78
  81 80
  82 1
  82 2
  82 3
  82 4
  82 7
  82 8
  82 10
  82 13
  82 16
  82 17
  82 22
  82 24
  82 25
  82 26
  82 27
  82 28
  82 29
  82 30
  82 31
  82 33
  82 34
  82 35
  82 36
  82 38
  82 39
  82 40
  82 41
  82 42
  82 43
  82 48
  82 49
  82 53
  82 56
  82 57
  82 58
  82 59
  82 60
  82 64
  82 66
  82 67
  82 68
  82 69
  82 70
  82 71
  82 74
  82 79
  83 1
  83 2
  83 5
  83 9
  83 13
  83 16
  83 19
  83 25
  83 28
  83 31
  83 33
  83 34
  83 37
  83 41
  83 43
  83 45
  83 47
  83 54
  83 55
  83 56
  83 57
  83 58
  83 59
  83 60
  83 61
  83 63
  83 64
  83 68
  83 71
  83 73
  83 74
  83 75
  83 77
  83 78
  83 79
  83 81
  84 1
  84 5
  84 6
  84 9
  84 11
  84 12
  84 13
  84 14
  84 17
  84 18
  84 19
  84 21
  84 25
  84 26
  84 27
  84 28
  84 29
  84 30
  84 32
  84 35
  84 37
  84 39
  84 40
  84 42
  84 43
  84 46
  84 48
  84 49
  84 50
  84 52
  84 53
  84 56
  84 62
  84 68
  84 72
  84 73
  84 74
  84 77
  84 80
  84 81
  84 82
  85 6
  85 7
  85 9
  85 10
  85 14
  85 15
  85 16
  85 17
  85 18
  85 19
  85 24
  85 25
  85 28
  85 30
  85 35
  85 37
  85 38
  85 39
  85 40
  85 43
  85 44
  85 46
  85 48
  85 49
  85 50
  85 52
  85 55
  85 57
  85 58
  85 61
  85 64
  85 68
  85 69
  85 72
  85 76
  85 77
  85 84
  86 1
  86 2
  86 5
  86 8
  86 10
  86 13
  86 14
  86 15
  86 16
  86 18
  86 19
  86 21
  86 22
  86 23
  86 28
  86 29
  86 33
  86 36
  86 37
  86 38
  86 42
  86 44
  86 48
  86 50
  86 53
  86 54
  86 56
  86 57
  86 59
  86 60
  86 61
  86 62
  86 66
  86 68
  86 75
  86 76
  86 78
  86 79
  86 80
  86 81
  86 82
  86 83
  86 84
  87 4
  87 6
  87 10
  87 11
  87 12
  87 13
  87 18
  87 19
  87 20
  87 22
  87 25
  87 28
  87 31
  87 33
  87 34
  87 37
  87 39
  87 40
  87 45
  87 46
  87 47
  87 48
  87 49
  87 54
  87 59
  87 60
  87 61
  87 62
  87 66
  87 68
  87 69
  87 70
  87 71
  87 72
  87 74
  87 79
  87 80
  87 86
  88 3
  88 7
  88 8
  88 12
  88 14
  88 19
  88 21
  88 23
  88 25
  88 26
  88 29
  88 36
  88 38
  88 44
  88 45
  88 48
  88 50
  88 52
  88 56
  88 57
  88 58
  88 59
  88 61
  88 63
  88 64
  88 66
  88 70
  88 71
  88 74
  88 78
  88 79
  88 80
  88 82
  88 85
  88 86
  88 87
  89 5
  89 7
  89 8
  89 10
  89 11
  89 12
  89 14
  89 15
  89 17
  89 21
  89 23
  89 24
  89 26
  89 27
  89 29
  89 30
  89 31
  89 33
  89 34
  89 35
  89 37
  89 38
  89 39
  89 40
  89 41
  89 42
  89 43
  89 44
  89 45
  89 46
  89 48
  89 50
  89 51
  89 52
  89 55
  89 56
  89 57
  89 58
  89 60
  89 63
  89 64
  89 66
  89 68
  89 71
  89 73
  89 74
  89 75
  89 79
  89 80
  89 81
  89 83
  89 85
  89 87
  89 88
  90 2
  90 3
  90 4
  90 5
  90 7
  90 10
  90 12
  90 15
  90 17
  90 18
  90 20
  90 21
  90 24
  90 25
  90 28
  90 31
  90 34
  90 35
  90 38
  90 42
  90 43
  90 46
  90 49
  90 51
  90 52
  90 53
  90 54
  90 55
  90 56
  90 57
  90 58
  90 60
  90 61
  90 62
  90 63
  90 64
  90 67
  90 68
  90 70
  90 71
  90 74
  90 79
  90 82
  90 83
  90 84
  91 3
  91 4
  91 5
  91 8
  91 9
  91 12
  91 14
  91 16
  91 17
  91 18
  91 19
  91 20
  91 21
  91 25
  91 26
  91 27
  91 29
  91 30
  91 31
  91 33
  91 34
  91 35
  91 37
  91 38
  91 39
  91 40
  91 41
  91 43
  91 44
  91 45
  91 46
  91 47
  91 48
  91 50
  91 52
  91 54
  91 55
  91 56
  91 57
  91 58
  91 61
  91 63
  91 64
  91 65
  91 68
  91 71
  91 73
  91 76
  91 77
  91 78
  91 83
  91 84
  91 85
  91 86
  91 87
  92 1
  92 5
  92 6
  92 7
  92 8
  92 12
  92 13
  92 19
  92 20
  92 24
  92 26
  92 28
  92 30
  92 31
  92 34
  92 35
  92 36
  92 40
  92 42
  92 44
  92 45
  92 50
  92 52
  92 53
  92 55
  92 56
  92 57
  92 59
  92 63
  92 65
  92 69
  92 72
  92 73
  92 74
  92 76
  92 77
  92 79
  92 80
  92 81
  92 89
  92 90
  92 91
  93 3
  93 9
  93 11
  93 15
  93 19
  93 20
  93 21
  93 23
  93 25
  93 26
  93 27
  93 28
  93 29
  93 30
  93 31
  93 32
  93 36
  93 38
  93 41
  93 44
  93 45
  93 46
  93 48
  93 50
  93 54
  93 55
  93 56
  93 59
  93 60
  93 62
  93 64
  93 65
  93 66
  93 67
  93 68
  93 70
  93 77
  93 78
  93 80
  93 81
  93 82
  93 83
  93 84
  93 85
  93 86
  93 87
  93 90
  93 91
  94 2
  94 6
  94 7
  94 9
  94 10
  94 12
  94 14
  94 15
  94 16
  94 18
  94 19
  94 20
  94 21
  94 22
  94 24
  94 25
  94 27
  94 33
  94 34
  94 35
  94 36
  94 37
  94 38
  94 40
  94 41
  94 43
  94 44
  94 46
  94 47
  94 51
  94 52
  94 53
  94 54
  94 55
  94 56
  94 57
  94 61
  94 68
  94 69
  94 70
  94 71
  94 72
  94 74
  94 75
  94 78
  94 81
  94 82
  94 83
  94 84
  94 86
  94 88
  94 91
  94 92
  94 93
  95 1
  95 2
  95 3
  95 5
  95 7
  95 8
  95 9
  95 12
  95 15
  95 17
  95 18
  95 19
  95 20
  95 22
  95 23
  95 24
  95 25
  95 27
  95 30
  95 31
  95 32
  95 36
  95 40
  95 41
  95 43
  95 44
  95 47
  95 50
  95 55
  95 57
  95 58
  95 59
  95 74
  95 77
  95 81
  95 82
  95 83
  95 87
  95 90
  95 94
  96 1
  96 4
  96 9
  96 11
  96 14
  96 15
  96 18
  96 19
  96 20
  96 23
  96 26
  96 27
  96 30
  96 31
  96 32
  96 33
  96 37
  96 39
  96 41
  96 42
  96 45
  96 46
  96 47
  96 48
  96 49
  96 54
  96 57
  96 60
  96 61
  96 62
  96 63
  96 64
  96 66
  96 67
  96 68
  96 71
  96 73
  96 74
  96 77
  96 79
  96 80
  96 81
  96 83
  96 85
  96 86
  96 90
  96 91
  96 92
  96 95
  97 2
  97 4
  97 5
  97 6
  97 10
  97 17
  97 21
  97 22
  97 23
  97 24
  97 25
  97 29
  97 30
  97 32
  97 35
  97 37
  97 38
  97 42
  97 43
  97 44
  97 45
  97 48
  97 51
  97 52
  97 53
  97 56
  97 59
  97 62
  97 63
  97 66
  97 67
  97 68
  97 70
  97 71
  97 73
  97 74
  97 76
  97 77
  97 79
  97 80
  97 83
  97 86
  97 91
  97 93
  97 94
  97 95
  97 96
  98 1
  98 2
  98 3
  98 6
  98 7
  98 8
  98 10
  98 12
  98 13
  98 18
  98 21
  98 24
  98 31
  98 32
  98 33
  98 34
  98 35
  98 38
  98 39
  98 40
  98 41
  98 42
  98 45
  98 47
  98 49
  98 52
  98 54
  98 55
  98 56
  98 58
  98 59
  98 60
  98 61
  98 62
  98 64
  98 66
  98 71
  98 75
  98 79
  98 80
  98 82
  98 84
  98 85
  98 88
  98 91
  98 92
  98 95
  98 96
  99 1
  99 2
  99 3
  99 4
  99 5
  99 6
  99 9
  99 10
  99 12
  99 13
  99 14
  99 15
  99 16
  99 17
  99 19
  99 21
  99 22
  99 26
  99 31
  99 32
  99 36
  99 40
  99 41
  99 45
  99 46
  99 47
  99 48
  99 52
  99 53
  99 54
  99 56
  99 58
  99 61
  99 63
  99 64
  99 66
  99 67
  99 68
  99 69
  99 71
  99 72
  99 74
  99 75
  99 76
  99 77
  99 80
  99 82
  99 83
  99 84
  99 88
  99 90
  99 91
  99 94
  99 96
  99 97
  100 2
  100 4
  100 5
  100 10
  100 11
  100 12
  100 13
  100 14
  100 16
  100 17
  100 22
  100 26
  100 28
  100 31
  100 33
  100 35
  100 36
  100 37
  100 40
  100 41
  100 43
  100 46
  100 47
  100 48
  100 50
  100 53
  100 56
  100 57
  100 58
  100 60
  100 61
  100 63
  100 64
  100 65
  100 67
  100 69
  100 72
  100 73
  100 74
  100 75
  100 78
  100 79
  100 82
  100 85
  100 86
  100 89
  100 90
  100 92
  100 94
  100 97
  100 98
