  2 1
  3 2
  4 1
  4 2
  4 3
  5 4
  6 1
  6 2
  6 4
  7 1
  7 2
  7 5
  7 6
  8 2
  8 3
  8 6
  9 1
  9 2
  9 4
  9 5
  9 8
  10 3
  10 4
  10 6
  10 7
  10 8
  10 9
  11 1
  11 3
  11 6
  11 7
  12 1
  12 5
  12 6
  12 11
  13 1
  13 2
  13 4
  13 5
  13 7
  13 8
  13 9
  14 1
  14 3
  14 4
  14 5
  14 7
  14 9
  14 10
  14 11
  15 2
  15 5
  15 7
  15 8
  15 9
  15 12
  16 1
  16 3
  16 6
  16 12
  16 14
  16 15
  17 1
  17 2
  17 4
  17 5
  17 6
  17 8
  17 10
  17 12
  17 13
  17 14
  17 16
  18 1
  18 3
  18 4
  18 5
  18 9
  18 10
  18 11
  18 12
  18 14
  18 15
  19 1
  19 4
  19 6
  19 13
  19 15
  19 16
  19 17
  20 1
  20 4
  20 5
  20 12
  20 13
  20 15
  20 17
  20 18
  20 19
  21 4
  21 5
  21 6
  21 8
  21 10
  21 11
  21 13
  21 14
  21 17
  21 18
  21 19
  21 20
  22 3
  22 11
  22 13
  22 15
  22 20
  22 21
  23 7
  23 9
  23 12
  23 14
  23 17
  23 19
  23 20
  23 22
  24 1
  24 5
  24 7
  24 8
  24 9
  24 12
  24 14
  24 15
  24 17
  24 19
  24 21
  24 22
  24 23
  25 6
  25 9
  25 10
  25 11
  25 14
  25 19
  25 20
  25 22
  26 1
  26 3
  26 7
  26 8
  26 9
  26 10
  26 12
  26 13
  26 14
  26 18
  26 20
  26 22
  26 23
  26 24
  26 25
  27 1
  27 3
  27 8
  27 11
  27 15
  27 17
  27 20
  27 21
  27 22
  27 23
  27 24
  28 4
  28 5
  28 6
  28 10
  28 11
  28 13
  28 16
  28 17
  28 19
  28 20
  28 23
  28 26
  28 27
  29 2
  29 3
  29 5
  29 7
  29 8
  29 12
  29 14
  29 16
  29 17
  29 20
  29 24
  29 25
  29 26
  29 28
  30 1
  30 3
  30 4
  30 8
  30 9
  30 10
  30 11
  30 13
  30 16
  30 18
  30 20
  30 23
  30 24
  30 25
  30 26
  30 27
  30 28
  30 29
  31 1
  31 2
  31 3
  31 4
  31 5
  31 8
  31 9
  31 10
  31 11
  31 14
  31 18
  31 19
  31 21
  31 23
  31 24
  31 25
  31 26
  31 27
  31 28
  31 29
  32 1
  32 2
  32 3
  32 5
  32 6
  32 12
  32 14
  32 15
  32 16
  32 19
  32 22
  32 25
  32 29
  32 30
  32 31
  33 1
  33 3
  33 6
  33 7
  33 9
  33 10
  33 13
  33 15
  33 16
  33 20
  33 21
  33 22
  33 23
  33 24
  33 30
  33 32
  34 2
  34 4
  34 5
  34 8
  34 12
  34 13
  34 15
  34 17
  34 18
  34 20
  34 21
  34 22
  34 24
  34 25
  34 26
  34 27
  34 28
  34 29
  34 30
  34 32
  34 33
  35 1
  35 5
  35 7
  35 8
  35 9
  35 12
  35 13
  35 16
  35 17
  35 18
  35 20
  35 21
  35 23
  35 26
  35 29
  35 32
  36 1
  36 3
  36 9
  36 13
  36 14
  36 17
  36 18
  36 19
  36 21
  36 23
  36 24
  36 26
  36 27
  36 29
  36 32
  36 33
  36 34
  37 1
  37 2
  37 4
  37 6
  37 7
  37 9
  37 11
  37 12
  37 13
  37 21
  37 24
  37 25
  37 26
  37 30
  37 31
  37 32
  37 33
  37 36
  38 3
  38 8
  38 10
  38 12
  38 14
  38 16
  38 17
  38 18
  38 23
  38 26
  38 27
  38 29
  38 31
  38 32
  38 33
  38 34
  38 35
  38 37
  39 3
  39 7
  39 13
  39 15
  39 16
  39 17
  39 21
  39 25
  39 27
  39 28
  39 29
  39 30
  39 31
  39 32
  39 33
  39 34
  39 36
  39 37
  39 38
  40 1
  40 2
  40 3
  40 4
  40 5
  40 6
  40 10
  40 16
  40 18
  40 19
  40 20
  40 23
  40 26
  40 28
  40 31
  40 35
  40 36
  41 3
  41 6
  41 7
  41 8
  41 10
  41 12
  41 14
  41 22
  41 26
  41 29
  41 31
  41 35
  41 38
  42 2
  42 4
  42 5
  42 6
  42 8
  42 9
  42 10
  42 13
  42 14
  42 16
  42 17
  42 20
  42 21
  42 25
  42 26
  42 33
  42 34
  42 36
  42 37
  42 38
  42 40
  42 41
  43 1
  43 2
  43 4
  43 6
  43 10
  43 11
  43 14
  43 16
  43 18
  43 20
  43 21
  43 22
  43 23
  43 24
  43 27
  43 29
  43 30
  43 31
  43 33
  43 35
  43 38
  43 39
  43 42
  44 3
  44 7
  44 8
  44 12
  44 13
  44 14
  44 19
  44 21
  44 24
  44 25
  44 26
  44 27
  44 30
  44 31
  44 33
  44 34
  44 35
  44 37
  44 38
  44 39
  45 1
  45 2
  45 8
  45 12
  45 13
  45 14
  45 17
  45 18
  45 19
  45 21
  45 22
  45 24
  45 27
  45 36
  45 37
  45 39
  45 40
  45 43
  46 1
  46 2
  46 4
  46 12
  46 15
  46 17
  46 18
  46 21
  46 24
  46 29
  46 31
  46 32
  46 34
  46 35
  46 37
  46 38
  46 39
  46 40
  46 43
  47 1
  47 2
  47 3
  47 5
  47 6
  47 7
  47 8
  47 12
  47 13
  47 15
  47 16
  47 20
  47 21
  47 22
  47 23
  47 24
  47 25
  47 26
  47 27
  47 29
  47 30
  47 31
  47 33
  47 34
  47 35
  47 37
  47 39
  47 43
  47 45
  48 1
  48 2
  48 4
  48 8
  48 9
  48 13
  48 18
  48 20
  48 21
  48 24
  48 25
  48 26
  48 27
  48 29
  48 31
  48 33
  48 34
  48 36
  48 40
  48 42
  48 43
  48 45
  48 47
  49 1
  49 2
  49 4
  49 7
  49 10
  49 11
  49 12
  49 13
  49 14
  49 17
  49 20
  49 26
  49 29
  49 31
  49 32
  49 34
  49 35
  49 37
  49 39
  49 40
  49 41
  49 42
  49 45
  49 46
  49 47
  49 48
  50 1
  50 5
  50 6
  50 10
  50 12
  50 13
  50 14
  50 16
  50 17
  50 19
  50 21
  50 31
  50 34
  50 35
  50 36
  50 41
  50 46
  50 48
  51 1
  51 5
  51 7
  51 10
  51 14
  51 19
  51 20
  51 24
  51 33
  51 34
  51 35
  51 36
  51 38
  51 40
  51 44
  51 45
  51 46
  51 47
  51 49
  52 1
  52 4
  52 5
  52 8
  52 10
  52 12
  52 14
  52 15
  52 17
  52 18
  52 19
  52 24
  52 25
  52 27
  52 28
  52 29
  52 33
  52 39
  52 41
  52 42
  52 43
  52 44
  52 46
  52 47
  52 48
  52 50
  52 51
  53 2
  53 3
  53 4
  53 10
  53 12
  53 13
  53 14
  53 15
  53 16
  53 18
  53 27
  53 30
  53 31
  53 33
  53 34
  53 36
  53 46
  53 48
  53 49
  53 50
  53 51
  54 1
  54 5
  54 7
  54 9
  54 13
  54 16
  54 17
  54 18
  54 20
  54 24
  54 25
  54 27
  54 28
  54 30
  54 31
  54 35
  54 36
  54 37
  54 39
  54 43
  54 44
  54 45
  54 46
  54 48
  54 49
  54 50
  54 52
  54 53
  55 2
  55 4
  55 5
  55 7
  55 9
  55 10
  55 11
  55 12
  55 13
  55 15
  55 19
  55 25
  55 26
  55 27
  55 28
  55 31
  55 36
  55 39
  55 41
  55 43
  55 44
  55 48
  55 49
  55 51
  55 53
  55 54
  56 1
  56 2
  56 4
  56 5
  56 6
  56 7
  56 8
  56 11
  56 13
  56 14
  56 16
  56 18
  56 20
  56 22
  56 24
  56 25
  56 26
  56 28
  56 31
  56 33
  56 34
  56 35
  56 39
  56 40
  56 41
  56 44
  56 48
  56 51
  56 53
  56 55
  57 1
  57 4
  57 9
  57 12
  57 18
  57 23
  57 25
  57 27
  57 28
  57 33
  57 38
  57 39
  57 40
  57 42
  57 43
  57 45
  57 48
  57 49
  57 51
  57 52
  57 53
  57 56
  58 5
  58 11
  58 14
  58 15
  58 16
  58 19
  58 21
  58 22
  58 23
  58 28
  58 30
  58 32
  58 33
  58 34
  58 36
  58 37
  58 42
  58 43
  58 45
  58 46
  58 52
  58 53
  58 54
  58 56
  59 1
  59 2
  59 5
  59 6
  59 7
  59 11
  59 14
  59 15
  59 18
  59 19
  59 20
  59 24
  59 26
  59 27
  59 30
  59 33
  59 34
  59 35
  59 36
  59 37
  59 38
  59 39
  59 41
  59 42
  59 46
  59 47
  59 49
  59 51
  59 53
  59 54
  59 56
  59 58
  60 1
  60 4
  60 5
  60 6
  60 9
  60 12
  60 13
  60 16
  60 17
  60 18
  60 21
  60 26
  60 28
  60 33
  60 35
  60 37
  60 41
  60 42
  60 45
  60 46
  60 47
  60 50
  60 51
  60 52
  60 53
  60 56
  60 57
  61 2
  61 4
  61 9
  61 10
  61 13
  61 15
  61 16
  61 19
  61 20
  61 21
  61 23
  61 26
  61 27
  61 28
  61 32
  61 34
  61 36
  61 37
  61 38
  61 39
  61 41
  61 42
  61 44
  61 46
  61 47
  61 48
  61 50
  61 51
  61 52
  61 53
  61 54
  61 55
  61 57
  61 58
  61 59
  61 60
  62 2
  62 3
  62 4
  62 7
  62 14
  62 15
  62 18
  62 19
  62 22
  62 23
  62 24
  62 25
  62 26
  62 28
  62 29
  62 30
  62 32
  62 33
  62 35
  62 38
  62 39
  62 41
  62 42
  62 44
  62 48
  62 49
  62 50
  62 52
  62 53
  62 55
  62 56
  62 58
  62 59
  62 60
  63 1
  63 2
  63 3
  63 5
  63 6
  63 11
  63 12
  63 13
  63 14
  63 16
  63 21
  63 24
  63 27
  63 28
  63 29
  63 30
  63 31
  63 35
  63 36
  63 39
  63 40
  63 41
  63 42
  63 43
  63 44
  63 45
  63 46
  63 47
  63 48
  63 51
  63 52
  63 56
  63 57
  63 58
  63 62
  64 1
  64 2
  64 9
  64 10
  64 11
  64 12
  64 16
  64 18
  64 19
  64 20
  64 24
  64 25
  64 27
  64 28
  64 29
  64 32
  64 33
  64 35
  64 37
  64 39
  64 44
  64 45
  64 48
  64 50
  64 51
  64 53
  64 54
  64 56
  64 57
  64 59
  64 60
  64 61
  64 63
  65 2
  65 4
  65 8
  65 10
  65 11
  65 14
  65 16
  65 19
  65 20
  65 21
  65 23
  65 26
  65 28
  65 29
  65 30
  65 32
  65 35
  65 38
  65 39
  65 40
  65 41
  65 42
  65 45
  65 49
  65 51
  65 52
  65 53
  65 54
  65 55
  65 57
  65 63
  66 3
  66 4
  66 6
  66 7
  66 9
  66 10
  66 13
  66 14
  66 15
  66 16
  66 17
  66 19
  66 21
  66 23
  66 26
  66 31
  66 32
  66 33
  66 35
  66 36
  66 41
  66 42
  66 43
  66 45
  66 48
  66 49
  66 50
  66 53
  66 55
  66 56
  66 58
  66 60
  66 61
  66 62
  66 64
  67 1
  67 5
  67 6
  67 7
  67 10
  67 11
  67 15
  67 20
  67 23
  67 24
  67 25
  67 28
  67 31
  67 33
  67 36
  67 37
  67 38
  67 39
  67 40
  67 44
  67 48
  67 50
  67 56
  67 57
  67 60
  67 61
  67 64
  68 3
  68 5
  68 6
  68 7
  68 10
  68 12
  68 13
  68 15
  68 19
  68 22
  68 27
  68 28
  68 30
  68 31
  68 33
  68 34
  68 35
  68 37
  68 38
  68 41
  68 42
  68 43
  68 44
  68 45
  68 46
  68 47
  68 50
  68 53
  68 54
  68 57
  68 62
  68 65
  68 66
  69 1
  69 4
  69 5
  69 12
  69 13
  69 14
  69 15
  69 16
  69 17
  69 18
  69 19
  69 21
  69 23
  69 25
  69 26
  69 27
  69 31
  69 32
  69 33
  69 36
  69 38
  69 40
  69 41
  69 42
  69 44
  69 45
  69 47
  69 48
  69 50
  69 59
  69 60
  69 61
  69 62
  69 66
  69 67
  69 68
  70 1
  70 3
  70 6
  70 8
  70 9
  70 13
  70 14
  70 15
  70 16
  70 19
  70 20
  70 21
  70 22
  70 23
  70 24
  70 25
  70 28
  70 29
  70 32
  70 36
  70 38
  70 39
  70 43
  70 44
  70 47
  70 50
  70 53
  70 55
  70 56
  70 57
  70 59
  70 60
  70 61
  70 62
  70 64
  70 66
  70 68
  71 1
  71 2
  71 4
  71 6
  71 11
  71 13
  71 14
  71 16
  71 19
  71 20
  71 21
  71 22
  71 23
  71 26
  71 27
  71 30
  71 31
  71 34
  71 35
  71 39
  71 43
  71 44
  71 45
  71 47
  71 48
  71 50
  71 51
  71 52
  71 54
  71 55
  71 56
  71 57
  71 58
  71 60
  71 61
  71 62
  71 66
  71 68
  71 69
  71 70
  72 1
  72 2
  72 6
  72 8
  72 11
  72 13
  72 14
  72 15
  72 16
  72 17
  72 18
  72 20
  72 23
  72 24
  72 26
  72 27
  72 28
  72 29
  72 30
  72 32
  72 33
  72 34
  72 35
  72 37
  72 38
  72 42
  72 44
  72 47
  72 49
  72 50
  72 52
  72 54
  72 56
  72 60
  72 61
  72 62
  72 63
  72 64
  72 65
  72 66
  72 69
  72 70
  73 1
  73 3
  73 4
  73 5
  73 6
  73 7
  73 8
  73 10
  73 12
  73 13
  73 15
  73 16
  73 18
  73 19
  73 21
  73 22
  73 25
  73 27
  73 28
  73 32
  73 33
  73 34
  73 35
  73 39
  73 43
  73 45
  73 46
  73 48
  73 49
  73 51
  73 53
  73 54
  73 58
  73 59
  73 62
  73 66
  73 69
  73 71
  74 2
  74 3
  74 4
  74 5
  74 6
  74 8
  74 9
  74 11
  74 14
  74 18
  74 19
  74 20
  74 22
  74 24
  74 25
  74 27
  74 28
  74 31
  74 32
  74 33
  74 34
  74 36
  74 37
  74 38
  74 39
  74 40
  74 41
  74 44
  74 45
  74 49
  74 50
  74 53
  74 54
  74 55
  74 57
  74 59
  74 60
  74 61
  74 63
  74 64
  74 65
  74 67
  74 69
  74 71
  74 72
  74 73
  75 1
  75 2
  75 3
  75 5
  75 11
  75 13
  75 15
  75 16
  75 17
  75 19
  75 20
  75 22
  75 25
  75 26
  75 27
  75 32
  75 33
  75 36
  75 40
  75 41
  75 42
  75 43
  75 45
  75 47
  75 48
  75 49
  75 54
  75 56
  75 60
  75 64
  75 67
  75 68
  75 71
  75 72
  76 1
  76 2
  76 3
  76 4
  76 6
  76 7
  76 8
  76 9
  76 13
  76 14
  76 15
  76 16
  76 17
  76 18
  76 19
  76 20
  76 22
  76 23
  76 24
  76 25
  76 26
  76 28
  76 29
  76 30
  76 31
  76 33
  76 34
  76 35
  76 39
  76 42
  76 43
  76 50
  76 51
  76 54
  76 57
  76 58
  76 59
  76 62
  76 63
  76 64
  76 65
  76 69
  76 70
  76 71
  76 73
  76 74
  76 75
  77 4
  77 6
  77 8
  77 11
  77 13
  77 14
  77 16
  77 18
  77 21
  77 22
  77 23
  77 27
  77 30
  77 33
  77 36
  77 42
  77 45
  77 51
  77 52
  77 56
  77 61
  77 62
  77 63
  77 64
  77 65
  77 66
  77 67
  77 69
  77 71
  77 72
  77 73
  77 74
  78 1
  78 3
  78 4
  78 6
  78 10
  78 12
  78 14
  78 15
  78 20
  78 21
  78 24
  78 25
  78 26
  78 29
  78 31
  78 36
  78 40
  78 41
  78 45
  78 47
  78 48
  78 49
  78 50
  78 51
  78 58
  78 60
  78 62
  78 63
  78 64
  78 65
  78 66
  78 69
  78 70
  78 71
  78 73
  78 74
  78 75
  78 76
  79 3
  79 6
  79 10
  79 11
  79 12
  79 16
  79 19
  79 20
  79 23
  79 24
  79 27
  79 30
  79 33
  79 34
  79 35
  79 36
  79 38
  79 39
  79 40
  79 41
  79 44
  79 45
  79 51
  79 53
  79 54
  79 55
  79 56
  79 58
  79 62
  79 64
  79 67
  79 70
  79 73
  79 74
  79 75
  79 76
  80 5
  80 6
  80 9
  80 12
  80 15
  80 16
  80 18
  80 20
  80 22
  80 23
  80 25
  80 27
  80 28
  80 29
  80 34
  80 40
  80 41
  80 45
  80 46
  80 49
  80 51
  80 56
  80 61
  80 63
  80 66
  80 67
  80 70
  80 71
  80 73
  80 74
  80 79
  81 1
  81 2
  81 3
  81 4
  81 6
  81 9
  81 11
  81 15
  81 16
  81 17
  81 18
  81 19
  81 20
  81 21
  81 25
  81 26
  81 27
  81 30
  81 31
  81 34
  81 35
  81 36
  81 40
  81 41
  81 43
  81 44
  81 45
  81 50
  81 51
  81 52
  81 54
  81 55
  81 57
  81 60
  81 65
  81 66
  81 68
  81 70
  81 72
  81 73
  81 78
  81 79
  81 80
  82 1
  82 2
  82 4
  82 5
  82 6
  82 10
  82 11
  82 12
  82 13
  82 14
  82 18
  82 20
  82 23
  82 26
  82 29
  82 35
  82 36
  82 37
  82 38
  82 40
  82 42
  82 43
  82 47
  82 49
  82 50
  82 52
  82 53
  82 54
  82 55
  82 56
  82 57
  82 60
  82 61
  82 63
  82 64
  82 66
  82 73
  82 75
  82 78
  82 79
  83 2
  83 3
  83 5
  83 6
  83 8
  83 11
  83 12
  83 13
  83 15
  83 17
  83 25
  83 27
  83 30
  83 39
  83 41
  83 42
  83 44
  83 46
  83 47
  83 48
  83 51
  83 52
  83 54
  83 56
  83 57
  83 59
  83 60
  83 61
  83 65
  83 66
  83 68
  83 69
  83 70
  83 71
  83 75
  83 76
  83 77
  83 78
  83 80
  84 1
  84 5
  84 6
  84 7
  84 8
  84 10
  84 11
  84 13
  84 15
  84 18
  84 20
  84 21
  84 25
  84 28
  84 29
  84 34
  84 36
  84 37
  84 38
  84 39
  84 42
  84 43
  84 44
  84 46
  84 49
  84 50
  84 53
  84 54
  84 56
  84 57
  84 59
  84 60
  84 63
  84 67
  84 69
  84 73
  84 74
  84 76
  84 77
  84 79
  84 83
  85 1
  85 2
  85 3
  85 6
  85 7
  85 8
  85 10
  85 13
  85 14
  85 17
  85 18
  85 19
  85 21
  85 22
  85 27
  85 29
  85 30
  85 33
  85 34
  85 37
  85 39
  85 40
  85 42
  85 43
  85 46
  85 49
  85 51
  85 56
  85 58
  85 61
  85 62
  85 65
  85 66
  85 68
  85 69
  85 70
  85 72
  85 73
  85 74
  85 76
  85 77
  85 79
  85 80
  85 82
  85 84
  86 1
  86 2
  86 4
  86 10
  86 11
  86 12
  86 13
  86 14
  86 16
  86 19
  86 20
  86 22
  86 23
  86 28
  86 29
  86 32
  86 33
  86 34
  86 36
  86 37
  86 38
  86 39
  86 41
  86 42
  86 44
  86 45
  86 46
  86 50
  86 53
  86 55
  86 56
  86 59
  86 60
  86 61
  86 62
  86 63
  86 65
  86 66
  86 68
  86 69
  86 70
  86 73
  86 77
  86 78
  86 79
  86 82
  86 83
  86 85
  87 1
  87 2
  87 4
  87 11
  87 20
  87 23
  87 25
  87 28
  87 31
  87 32
  87 37
  87 39
  87 40
  87 41
  87 42
  87 44
  87 46
  87 47
  87 48
  87 50
  87 51
  87 53
  87 54
  87 55
  87 57
  87 58
  87 61
  87 62
  87 63
  87 65
  87 68
  87 70
  87 73
  87 75
  87 76
  87 77
  87 78
  87 79
  87 81
  87 83
  87 85
  87 86
  88 1
  88 3
  88 8
  88 10
  88 11
  88 12
  88 13
  88 19
  88 22
  88 24
  88 25
  88 27
  88 28
  88 31
  88 32
  88 33
  88 34
  88 35
  88 36
  88 37
  88 39
  88 41
  88 42
  88 45
  88 49
  88 50
  88 51
  88 54
  88 57
  88 58
  88 59
  88 66
  88 67
  88 71
  88 73
  88 74
  88 75
  88 76
  88 77
  88 79
  88 81
  88 84
  88 86
  89 2
  89 3
  89 8
  89 11
  89 12
  89 13
  89 14
  89 15
  89 18
  89 20
  89 23
  89 24
  89 26
  89 28
  89 30
  89 36
  89 38
  89 39
  89 40
  89 41
  89 42
  89 43
  89 44
  89 47
  89 48
  89 51
  89 52
  89 53
  89 55
  89 57
  89 58
  89 64
  89 67
  89 70
  89 71
  89 75
  89 76
  89 77
  89 78
  89 80
  89 82
  89 84
  89 85
  89 88
  90 2
  90 3
  90 4
  90 5
  90 8
  90 9
  90 10
  90 14
  90 15
  90 17
  90 20
  90 21
  90 22
  90 23
  90 24
  90 25
  90 26
  90 28
  90 32
  90 33
  90 34
  90 36
  90 38
  90 41
  90 42
  90 43
  90 45
  90 46
  90 47
  90 51
  90 52
  90 54
  90 56
  90 57
  90 58
  90 59
  90 61
  90 62
  90 64
  90 66
  90 67
  90 68
  90 69
  90 72
  90 75
  90 77
  90 81
  90 82
  90 87
  90 88
  91 1
  91 6
  91 8
  91 9
  91 12
  91 13
  91 15
  91 17
  91 22
  91 24
  91 25
  91 27
  91 31
  91 32
  91 33
  91 39
  91 44
  91 45
  91 49
  91 52
  91 53
  91 55
  91 57
  91 61
  91 62
  91 65
  91 69
  91 72
  91 73
  91 74
  91 76
  91 78
  91 80
  91 82
  91 83
  91 85
  91 87
  91 88
  91 89
  91 90
  92 2
  92 6
  92 7
  92 8
  92 11
  92 14
  92 15
  92 17
  92 18
  92 20
  92 22
  92 24
  92 25
  92 31
  92 33
  92 35
  92 37
  92 38
  92 39
  92 40
  92 45
  92 47
  92 48
  92 51
  92 52
  92 54
  92 55
  92 63
  92 64
  92 65
  92 66
  92 70
  92 71
  92 72
  92 74
  92 75
  92 76
  92 77
  92 79
  92 80
  92 82
  92 83
  92 84
  92 86
  92 87
  93 1
  93 8
  93 9
  93 10
  93 11
  93 12
  93 13
  93 15
  93 16
  93 17
  93 18
  93 19
  93 21
  93 26
  93 30
  93 32
  93 35
  93 37
  93 38
  93 39
  93 40
  93 42
  93 43
  93 44
  93 46
  93 47
  93 48
  93 49
  93 51
  93 54
  93 56
  93 57
  93 60
  93 61
  93 63
  93 67
  93 68
  93 69
  93 70
  93 72
  93 74
  93 75
  93 77
  93 79
  93 82
  93 83
  93 85
  93 87
  93 88
  93 89
  93 92
  94 1
  94 3
  94 5
  94 6
  94 9
  94 10
  94 13
  94 14
  94 15
  94 17
  94 19
  94 20
  94 22
  94 24
  94 25
  94 29
  94 30
  94 31
  94 32
  94 33
  94 35
  94 36
  94 37
  94 39
  94 40
  94 42
  94 45
  94 46
  94 47
  94 49
  94 57
  94 59
  94 60
  94 62
  94 64
  94 65
  94 67
  94 69
  94 70
  94 71
  94 72
  94 73
  94 74
  94 76
  94 77
  94 79
  94 80
  94 81
  94 82
  94 88
  94 89
  94 90
  95 1
  95 5
  95 6
  95 8
  95 9
  95 10
  95 13
  95 15
  95 16
  95 21
  95 22
  95 24
  95 26
  95 27
  95 31
  95 32
  95 36
  95 41
  95 42
  95 46
  95 47
  95 49
  95 50
  95 51
  95 53
  95 54
  95 55
  95 56
  95 57
  95 60
  95 61
  95 65
  95 67
  95 70
  95 71
  95 74
  95 76
  95 81
  95 83
  95 84
  95 87
  95 88
  95 89
  95 90
  95 93
  95 94
  96 2
  96 3
  96 4
  96 5
  96 12
  96 16
  96 19
  96 20
  96 21
  96 22
  96 24
  96 25
  96 27
  96 30
  96 35
  96 37
  96 39
  96 46
  96 49
  96 50
  96 53
  96 55
  96 57
  96 59
  96 61
  96 63
  96 65
  96 67
  96 68
  96 77
  96 81
  96 83
  96 85
  96 88
  96 89
  96 90
  96 92
  96 95
  97 3
  97 4
  97 9
  97 10
  97 14
  97 16
  97 17
  97 18
  97 20
  97 21
  97 24
  97 31
  97 32
  97 33
  97 34
  97 41
  97 44
  97 46
  97 48
  97 49
  97 53
  97 55
  97 56
  97 57
  97 58
  97 59
  97 61
  97 63
  97 64
  97 65
  97 67
  97 68
  97 69
  97 70
  97 71
  97 72
  97 78
  97 80
  97 81
  97 84
  97 85
  97 90
  97 91
  97 93
  97 94
  97 96
  98 1
  98 2
  98 7
  98 10
  98 13
  98 14
  98 17
  98 18
  98 19
  98 20
  98 23
  98 24
  98 25
  98 26
  98 30
  98 31
  98 32
  98 33
  98 39
  98 40
  98 41
  98 44
  98 46
  98 47
  98 54
  98 55
  98 56
  98 58
  98 63
  98 66
  98 68
  98 70
  98 74
  98 75
  98 76
  98 78
  98 79
  98 80
  98 81
  98 82
  98 83
  98 84
  98 85
  98 86
  98 87
  98 88
  98 89
  98 91
  98 94
  98 95
  98 96
  98 97
  99 8
  99 11
  99 12
  99 13
  99 14
  99 16
  99 19
  99 24
  99 25
  99 26
  99 28
  99 32
  99 34
  99 36
  99 37
  99 40
  99 41
  99 44
  99 46
  99 47
  99 49
  99 50
  99 51
  99 53
  99 54
  99 57
  99 59
  99 62
  99 63
  99 64
  99 65
  99 67
  99 72
  99 73
  99 75
  99 76
  99 84
  99 86
  99 89
  99 91
  99 94
  99 95
  99 96
  100 1
  100 2
  100 4
  100 7
  100 9
  100 10
  100 11
  100 18
  100 20
  100 25
  100 27
  100 28
  100 29
  100 35
  100 37
  100 40
  100 43
  100 46
  100 49
  100 50
  100 51
  100 54
  100 56
  100 58
  100 59
  100 62
  100 64
  100 66
  100 67
  100 70
  100 73
  100 75
  100 79
  100 80
  100 81
  100 82
  100 83
  100 86
  100 87
  100 92
  100 93
  100 95
  100 97
  101 3
  101 5
  101 8
  101 9
  101 10
  101 13
  101 17
  101 20
  101 21
  101 22
  101 23
  101 24
  101 25
  101 27
  101 28
  101 31
  101 35
  101 36
  101 38
  101 39
  101 42
  101 46
  101 51
  101 52
  101 53
  101 54
  101 58
  101 63
  101 64
  101 68
  101 69
  101 71
  101 72
  101 74
  101 77
  101 78
  101 83
  101 87
  101 88
  101 91
  101 92
  101 93
  101 94
  101 97
  101 98
  101 100
  102 2
  102 3
  102 9
  102 11
  102 12
  102 13
  102 16
  102 18
  102 21
  102 22
  102 24
  102 26
  102 29
  102 30
  102 31
  102 34
  102 35
  102 36
  102 37
  102 39
  102 43
  102 45
  102 46
  102 47
  102 50
  102 51
  102 55
  102 59
  102 61
  102 62
  102 63
  102 66
  102 68
  102 70
  102 74
  102 75
  102 76
  102 78
  102 79
  102 81
  102 84
  102 85
  102 86
  102 88
  102 89
  102 91
  102 93
  102 96
  102 97
  102 98
  102 101
  103 4
  103 5
  103 12
  103 15
  103 21
  103 22
  103 23
  103 24
  103 25
  103 26
  103 27
  103 28
  103 29
  103 31
  103 34
  103 38
  103 39
  103 41
  103 43
  103 46
  103 47
  103 49
  103 50
  103 51
  103 52
  103 58
  103 59
  103 61
  103 63
  103 66
  103 67
  103 68
  103 69
  103 70
  103 71
  103 72
  103 73
  103 76
  103 79
  103 80
  103 84
  103 85
  103 86
  103 87
  103 90
  103 91
  103 92
  103 93
  103 94
  103 98
  104 5
  104 6
  104 7
  104 10
  104 11
  104 16
  104 21
  104 24
  104 33
  104 34
  104 38
  104 39
  104 42
  104 43
  104 44
  104 47
  104 49
  104 52
  104 53
  104 54
  104 55
  104 58
  104 59
  104 64
  104 65
  104 66
  104 68
  104 71
  104 74
  104 75
  104 76
  104 79
  104 81
  104 84
  104 93
  104 95
  104 96
  104 99
  104 101
  104 102
  105 1
  105 4
  105 6
  105 7
  105 9
  105 14
  105 15
  105 17
  105 18
  105 20
  105 22
  105 23
  105 24
  105 25
  105 26
  105 27
  105 31
  105 32
  105 36
  105 40
  105 42
  105 45
  105 46
  105 51
  105 54
  105 58
  105 59
  105 61
  105 62
  105 63
  105 65
  105 68
  105 70
  105 71
  105 72
  105 73
  105 76
  105 77
  105 78
  105 81
  105 82
  105 85
  105 86
  105 88
  105 89
  105 93
  105 94
  105 95
  105 99
  105 100
  106 2
  106 12
  106 13
  106 15
  106 16
  106 18
  106 19
  106 21
  106 24
  106 25
  106 28
  106 31
  106 32
  106 33
  106 35
  106 36
  106 37
  106 38
  106 40
  106 43
  106 48
  106 50
  106 53
  106 56
  106 57
  106 60
  106 62
  106 64
  106 69
  106 70
  106 76
  106 77
  106 78
  106 79
  106 81
  106 85
  106 87
  106 89
  106 94
  106 95
  106 97
  106 98
  106 99
  106 101
  106 102
  106 103
  106 104
  106 105
  107 1
  107 2
  107 5
  107 6
  107 7
  107 8
  107 9
  107 11
  107 14
  107 16
  107 17
  107 19
  107 20
  107 23
  107 25
  107 30
  107 31
  107 33
  107 34
  107 35
  107 41
  107 42
  107 43
  107 44
  107 45
  107 46
  107 47
  107 50
  107 52
  107 55
  107 56
  107 58
  107 59
  107 62
  107 64
  107 65
  107 67
  107 69
  107 70
  107 71
  107 72
  107 73
  107 75
  107 78
  107 80
  107 82
  107 83
  107 86
  107 89
  107 92
  107 95
  107 96
  107 98
  107 100
  107 101
  107 102
  107 105
  107 106
  108 2
  108 3
  108 4
  108 5
  108 6
  108 8
  108 10
  108 11
  108 12
  108 13
  108 15
  108 16
  108 17
  108 21
  108 29
  108 33
  108 34
  108 37
  108 39
  108 43
  108 45
  108 48
  108 51
  108 55
  108 56
  108 58
  108 59
  108 60
  108 62
  108 64
  108 65
  108 67
  108 72
  108 75
  108 76
  108 79
  108 81
  108 85
  108 87
  108 91
  108 100
  108 106
  109 4
  109 5
  109 8
  109 9
  109 10
  109 12
  109 18
  109 19
  109 20
  109 21
  109 24
  109 26
  109 27
  109 29
  109 30
  109 31
  109 32
  109 33
  109 36
  109 37
  109 39
  109 43
  109 44
  109 45
  109 48
  109 50
  109 52
  109 53
  109 55
  109 57
  109 61
  109 62
  109 64
  109 66
  109 67
  109 68
  109 69
  109 70
  109 71
  109 72
  109 75
  109 76
  109 80
  109 81
  109 84
  109 87
  109 88
  109 89
  109 91
  109 93
  109 95
  109 96
  109 98
  109 99
  109 100
  109 102
  109 105
  109 106
  109 107
  109 108
  110 3
  110 4
  110 5
  110 6
  110 7
  110 10
  110 16
  110 17
  110 18
  110 20
  110 21
  110 28
  110 30
  110 34
  110 35
  110 37
  110 43
  110 45
  110 46
  110 48
  110 52
  110 53
  110 54
  110 55
  110 56
  110 59
  110 60
  110 65
  110 68
  110 70
  110 71
  110 72
  110 73
  110 77
  110 78
  110 79
  110 80
  110 84
  110 85
  110 88
  110 89
  110 90
  110 92
  110 93
  110 94
  110 96
  110 97
  110 99
  110 101
  110 102
  110 103
  110 105
  110 106
  110 107
  110 108
  110 109
  111 2
  111 3
  111 4
  111 9
  111 12
  111 13
  111 14
  111 16
  111 18
  111 20
  111 24
  111 25
  111 28
  111 29
  111 35
  111 37
  111 38
  111 39
  111 44
  111 46
  111 49
  111 50
  111 55
  111 56
  111 57
  111 60
  111 61
  111 63
  111 66
  111 73
  111 74
  111 77
  111 79
  111 80
  111 81
  111 82
  111 83
  111 84
  111 88
  111 89
  111 91
  111 93
  111 96
  111 100
  111 101
  111 102
  111 105
  111 108
  112 1
  112 3
  112 5
  112 6
  112 9
  112 10
  112 12
  112 14
  112 18
  112 19
  112 20
  112 22
  112 23
  112 24
  112 26
  112 28
  112 31
  112 38
  112 39
  112 44
  112 45
  112 48
  112 50
  112 51
  112 52
  112 54
  112 55
  112 57
  112 59
  112 60
  112 61
  112 62
  112 64
  112 66
  112 68
  112 75
  112 77
  112 80
  112 81
  112 83
  112 85
  112 87
  112 92
  112 93
  112 97
  112 98
  112 100
  112 102
  112 103
  112 104
  112 109
  112 110
  113 2
  113 5
  113 6
  113 7
  113 9
  113 14
  113 18
  113 19
  113 22
  113 25
  113 28
  113 29
  113 30
  113 32
  113 33
  113 34
  113 35
  113 40
  113 42
  113 43
  113 44
  113 46
  113 47
  113 48
  113 53
  113 54
  113 55
  113 57
  113 60
  113 63
  113 66
  113 67
  113 68
  113 70
  113 71
  113 72
  113 76
  113 77
  113 79
  113 80
  113 81
  113 85
  113 86
  113 87
  113 89
  113 90
  113 97
  113 100
  113 103
  113 104
  113 108
  113 109
  113 111
  114 2
  114 3
  114 5
  114 9
  114 13
  114 14
  114 15
  114 16
  114 18
  114 22
  114 23
  114 24
  114 26
  114 27
  114 31
  114 32
  114 34
  114 35
  114 37
  114 39
  114 44
  114 45
  114 46
  114 48
  114 49
  114 56
  114 59
  114 60
  114 61
  114 63
  114 65
  114 66
  114 67
  114 68
  114 69
  114 70
  114 75
  114 76
  114 79
  114 85
  114 89
  114 91
  114 92
  114 93
  114 95
  114 97
  114 98
  114 101
  114 102
  114 104
  114 105
  114 113
  115 1
  115 7
  115 8
  115 9
  115 10
  115 11
  115 13
  115 14
  115 15
  115 16
  115 26
  115 28
  115 29
  115 30
  115 31
  115 32
  115 34
  115 37
  115 39
  115 41
  115 44
  115 45
  115 46
  115 47
  115 52
  115 53
  115 55
  115 57
  115 58
  115 59
  115 61
  115 63
  115 67
  115 68
  115 69
  115 71
  115 72
  115 73
  115 75
  115 76
  115 79
  115 83
  115 89
  115 90
  115 91
  115 92
  115 93
  115 94
  115 95
  115 97
  115 98
  115 99
  115 100
  115 103
  115 105
  115 106
  115 107
  115 109
  115 112
  115 114
  116 2
  116 3
  116 4
  116 6
  116 11
  116 13
  116 14
  116 15
  116 19
  116 21
  116 27
  116 28
  116 29
  116 30
  116 31
  116 33
  116 34
  116 36
  116 37
  116 40
  116 41
  116 42
  116 44
  116 46
  116 49
  116 52
  116 53
  116 54
  116 55
  116 57
  116 59
  116 64
  116 67
  116 69
  116 70
  116 72
  116 73
  116 76
  116 77
  116 78
  116 80
  116 81
  116 82
  116 83
  116 86
  116 90
  116 91
  116 92
  116 93
  116 94
  116 96
  116 97
  116 98
  116 102
  116 103
  116 106
  116 107
  116 108
  116 109
  116 110
  116 111
  116 112
  117 1
  117 3
  117 5
  117 7
  117 8
  117 9
  117 11
  117 14
  117 20
  117 21
  117 25
  117 27
  117 29
  117 31
  117 33
  117 35
  117 36
  117 41
  117 46
  117 50
  117 51
  117 54
  117 55
  117 57
  117 59
  117 61
  117 63
  117 64
  117 65
  117 68
  117 70
  117 72
  117 73
  117 82
  117 84
  117 86
  117 88
  117 91
  117 93
  117 94
  117 95
  117 96
  117 97
  117 101
  117 105
  117 106
  117 108
  117 109
  117 113
  117 114
  117 115
  118 3
  118 4
  118 5
  118 6
  118 11
  118 13
  118 15
  118 16
  118 17
  118 18
  118 22
  118 23
  118 25
  118 26
  118 27
  118 31
  118 34
  118 37
  118 45
  118 46
  118 48
  118 51
  118 53
  118 55
  118 58
  118 59
  118 60
  118 61
  118 64
  118 66
  118 67
  118 68
  118 70
  118 72
  118 73
  118 74
  118 75
  118 76
  118 83
  118 84
  118 87
  118 88
  118 89
  118 91
  118 94
  118 95
  118 99
  118 100
  118 101
  118 102
  118 104
  118 107
  118 112
  118 115
  118 117
  119 1
  119 3
  119 4
  119 5
  119 8
  119 13
  119 14
  119 15
  119 16
  119 19
  119 20
  119 21
  119 25
  119 27
  119 28
  119 29
  119 30
  119 32
  119 34
  119 35
  119 37
  119 38
  119 43
  119 47
  119 48
  119 52
  119 54
  119 56
  119 57
  119 58
  119 59
  119 60
  119 62
  119 64
  119 65
  119 67
  119 68
  119 70
  119 72
  119 73
  119 74
  119 78
  119 80
  119 81
  119 83
  119 84
  119 85
  119 86
  119 87
  119 89
  119 92
  119 95
  119 96
  119 97
  119 98
  119 100
  119 102
  119 103
  119 105
  119 108
  119 109
  119 110
  119 114
  119 115
  119 116
  119 118
  120 1
  120 2
  120 3
  120 5
  120 6
  120 7
  120 12
  120 13
  120 16
  120 17
  120 19
  120 20
  120 22
  120 23
  120 24
  120 25
  120 26
  120 28
  120 29
  120 30
  120 32
  120 36
  120 37
  120 40
  120 42
  120 45
  120 46
  120 47
  120 51
  120 52
  120 54
  120 55
  120 60
  120 61
  120 62
  120 63
  120 66
  120 68
  120 70
  120 72
  120 73
  120 74
  120 75
  120 78
  120 79
  120 80
  120 83
  120 90
  120 93
  120 98
  120 99
  120 100
  120 101
  120 102
  120 103
  120 104
  120 106
  120 107
  120 109
  120 110
  120 112
  120 114
  120 115
  120 117
  120 119
  121 2
  121 4
  121 5
  121 7
  121 8
  121 9
  121 11
  121 12
  121 14
  121 15
  121 18
  121 19
  121 21
  121 25
  121 26
  121 27
  121 28
  121 31
  121 34
  121 36
  121 40
  121 43
  121 45
  121 47
  121 48
  121 49
  121 50
  121 51
  121 52
  121 54
  121 55
  121 61
  121 62
  121 63
  121 67
  121 68
  121 69
  121 75
  121 80
  121 81
  121 83
  121 88
  121 91
  121 92
  121 96
  121 97
  121 100
  121 105
  121 106
  121 108
  121 110
  121 112
  121 113
  121 116
  121 117
  121 118
  121 120
  122 1
  122 3
  122 4
  122 5
  122 7
  122 8
  122 10
  122 12
  122 13
  122 15
  122 16
  122 18
  122 19
  122 20
  122 24
  122 25
  122 26
  122 28
  122 29
  122 32
  122 33
  122 34
  122 35
  122 38
  122 39
  122 41
  122 42
  122 44
  122 47
  122 48
  122 51
  122 53
  122 54
  122 57
  122 59
  122 60
  122 63
  122 64
  122 68
  122 69
  122 72
  122 73
  122 74
  122 76
  122 80
  122 81
  122 83
  122 84
  122 85
  122 86
  122 87
  122 88
  122 89
  122 90
  122 94
  122 95
  122 96
  122 97
  122 101
  122 105
  122 107
  122 111
  122 112
  122 114
  122 115
  122 116
  122 118
  122 120
  123 2
  123 3
  123 7
  123 8
  123 10
  123 14
  123 15
  123 16
  123 17
  123 18
  123 19
  123 24
  123 25
  123 26
  123 31
  123 32
  123 33
  123 38
  123 39
  123 40
  123 44
  123 48
  123 49
  123 52
  123 56
  123 57
  123 60
  123 61
  123 62
  123 63
  123 69
  123 72
  123 73
  123 75
  123 77
  123 78
  123 80
  123 81
  123 83
  123 84
  123 87
  123 88
  123 89
  123 90
  123 92
  123 93
  123 94
  123 96
  123 97
  123 98
  123 101
  123 102
  123 103
  123 104
  123 105
  123 107
  123 110
  123 111
  123 114
  123 115
  123 118
  123 120
  124 2
  124 3
  124 4
  124 5
  124 9
  124 10
  124 11
  124 12
  124 15
  124 18
  124 21
  124 23
  124 24
  124 26
  124 29
  124 31
  124 33
  124 34
  124 37
  124 38
  124 41
  124 42
  124 43
  124 47
  124 55
  124 59
  124 60
  124 62
  124 63
  124 64
  124 65
  124 66
  124 71
  124 72
  124 74
  124 77
  124 80
  124 82
  124 83
  124 90
  124 92
  124 94
  124 96
  124 98
  124 103
  124 104
  124 106
  124 107
  124 108
  124 109
  124 110
  124 112
  124 113
  124 118
  124 119
  124 121
  124 122
  124 123
  125 2
  125 3
  125 4
  125 5
  125 6
  125 8
  125 9
  125 14
  125 16
  125 18
  125 19
  125 22
  125 23
  125 24
  125 25
  125 26
  125 28
  125 29
  125 35
  125 36
  125 37
  125 39
  125 45
  125 46
  125 47
  125 49
  125 50
  125 51
  125 52
  125 53
  125 54
  125 64
  125 65
  125 66
  125 67
  125 70
  125 71
  125 73
  125 74
  125 77
  125 79
  125 80
  125 81
  125 82
  125 83
  125 84
  125 87
  125 88
  125 90
  125 91
  125 92
  125 93
  125 94
  125 95
  125 96
  125 103
  125 104
  125 106
  125 108
  125 114
  125 115
  125 116
  125 117
  125 118
  125 119
  125 120
  125 121
  125 123
  125 124
  126 3
  126 5
  126 7
  126 8
  126 9
  126 11
  126 13
  126 16
  126 19
  126 20
  126 21
  126 25
  126 26
  126 28
  126 30
  126 31
  126 33
  126 36
  126 37
  126 38
  126 39
  126 41
  126 43
  126 44
  126 45
  126 46
  126 47
  126 49
  126 52
  126 57
  126 58
  126 61
  126 65
  126 66
  126 71
  126 73
  126 75
  126 76
  126 77
  126 81
  126 84
  126 85
  126 87
  126 88
  126 90
  126 91
  126 92
  126 93
  126 95
  126 97
  126 98
  126 99
  126 103
  126 104
  126 106
  126 112
  126 114
  126 115
  126 118
  126 120
  126 121
  126 124
  126 125
  127 2
  127 4
  127 6
  127 8
  127 9
  127 11
  127 14
  127 15
  127 16
  127 18
  127 21
  127 23
  127 24
  127 25
  127 26
  127 27
  127 29
  127 30
  127 32
  127 35
  127 36
  127 37
  127 39
  127 41
  127 51
  127 52
  127 55
  127 57
  127 58
  127 59
  127 64
  127 65
  127 66
  127 69
  127 70
  127 75
  127 77
  127 79
  127 80
  127 81
  127 82
  127 83
  127 84
  127 85
  127 86
  127 89
  127 90
  127 93
  127 94
  127 95
  127 96
  127 101
  127 105
  127 107
  127 109
  127 111
  127 113
  127 114
  127 116
  127 118
  127 119
  127 120
  127 124
  127 126
  128 4
  128 6
  128 7
  128 9
  128 10
  128 11
  128 15
  128 16
  128 17
  128 18
  128 19
  128 21
  128 23
  128 25
  128 31
  128 34
  128 39
  128 40
  128 41
  128 42
  128 43
  128 44
  128 45
  128 46
  128 48
  128 52
  128 53
  128 56
  128 57
  128 58
  128 60
  128 61
  128 65
  128 67
  128 68
  128 73
  128 74
  128 75
  128 76
  128 81
  128 82
  128 83
  128 91
  128 92
  128 97
  128 100
  128 103
  128 105
  128 106
  128 108
  128 109
  128 110
  128 115
  128 117
  128 124
  128 126
  128 127
  129 1
  129 2
  129 7
  129 8
  129 10
  129 11
  129 14
  129 15
  129 17
  129 19
  129 20
  129 24
  129 28
  129 29
  129 32
  129 33
  129 35
  129 36
  129 40
  129 41
  129 42
  129 43
  129 47
  129 49
  129 54
  129 55
  129 58
  129 59
  129 62
  129 69
  129 70
  129 74
  129 75
  129 78
  129 79
  129 80
  129 81
  129 84
  129 89
  129 90
  129 91
  129 96
  129 98
  129 101
  129 103
  129 104
  129 105
  129 107
  129 108
  129 109
  129 112
  129 113
  129 114
  129 115
  129 116
  129 121
  129 124
  129 126
  129 127
  130 1
  130 2
  130 7
  130 10
  130 11
  130 15
  130 16
  130 19
  130 21
  130 25
  130 27
  130 39
  130 41
  130 44
  130 46
  130 48
  130 50
  130 51
  130 52
  130 53
  130 55
  130 56
  130 57
  130 58
  130 60
  130 61
  130 62
  130 63
  130 64
  130 67
  130 69
  130 70
  130 73
  130 75
  130 77
  130 78
  130 79
  130 81
  130 83
  130 84
  130 85
  130 88
  130 89
  130 90
  130 93
  130 94
  130 95
  130 96
  130 98
  130 100
  130 101
  130 102
  130 107
  130 108
  130 111
  130 112
  130 114
  130 117
  130 123
  130 128
  131 2
  131 3
  131 5
  131 8
  131 10
  131 12
  131 14
  131 15
  131 19
  131 20
  131 25
  131 28
  131 29
  131 30
  131 32
  131 35
  131 37
  131 38
  131 40
  131 46
  131 50
  131 51
  131 53
  131 54
  131 57
  131 62
  131 66
  131 68
  131 71
  131 76
  131 77
  131 80
  131 82
  131 83
  131 85
  131 87
  131 88
  131 90
  131 93
  131 94
  131 96
  131 98
  131 101
  131 103
  131 104
  131 105
  131 107
  131 108
  131 111
  131 112
  131 115
  131 116
  131 118
  131 119
  131 120
  131 123
  131 124
  131 125
  131 126
  131 127
  131 130
  132 1
  132 2
  132 3
  132 4
  132 5
  132 6
  132 7
  132 8
  132 9
  132 10
  132 12
  132 14
  132 15
  132 17
  132 18
  132 19
  132 22
  132 28
  132 30
  132 31
  132 33
  132 34
  132 36
  132 38
  132 40
  132 41
  132 44
  132 45
  132 46
  132 47
  132 48
  132 50
  132 52
  132 54
  132 57
  132 58
  132 59
  132 60
  132 62
  132 64
  132 65
  132 66
  132 67
  132 73
  132 74
  132 75
  132 76
  132 77
  132 81
  132 82
  132 83
  132 84
  132 85
  132 88
  132 90
  132 92
  132 93
  132 94
  132 95
  132 98
  132 100
  132 101
  132 102
  132 103
  132 104
  132 106
  132 107
  132 109
  132 110
  132 112
  132 113
  132 114
  132 116
  132 117
  132 118
  132 122
  132 124
  132 128
  132 129
  133 1
  133 5
  133 6
  133 7
  133 9
  133 10
  133 12
  133 13
  133 16
  133 17
  133 20
  133 21
  133 23
  133 25
  133 26
  133 27
  133 30
  133 34
  133 38
  133 39
  133 41
  133 42
  133 47
  133 48
  133 50
  133 52
  133 55
  133 57
  133 60
  133 62
  133 63
  133 64
  133 65
  133 67
  133 70
  133 76
  133 77
  133 78
  133 80
  133 82
  133 83
  133 84
  133 85
  133 87
  133 89
  133 90
  133 91
  133 92
  133 94
  133 95
  133 96
  133 98
  133 99
  133 100
  133 101
  133 103
  133 108
  133 109
  133 110
  133 111
  133 112
  133 114
  133 115
  133 116
  133 117
  133 118
  133 120
  133 121
  133 123
  133 125
  133 128
  133 131
  133 132
  134 2
  134 8
  134 10
  134 14
  134 15
  134 18
  134 21
  134 22
  134 23
  134 24
  134 25
  134 27
  134 30
  134 32
  134 34
  134 36
  134 37
  134 38
  134 40
  134 41
  134 46
  134 47
  134 48
  134 49
  134 50
  134 51
  134 55
  134 59
  134 61
  134 66
  134 67
  134 68
  134 69
  134 70
  134 72
  134 74
  134 75
  134 76
  134 79
  134 83
  134 86
  134 87
  134 88
  134 89
  134 90
  134 93
  134 94
  134 97
  134 98
  134 99
  134 101
  134 102
  134 104
  134 105
  134 106
  134 109
  134 110
  134 112
  134 113
  134 114
  134 115
  134 117
  134 121
  134 127
  134 129
  134 130
  135 6
  135 7
  135 11
  135 12
  135 13
  135 17
  135 19
  135 21
  135 24
  135 26
  135 27
  135 29
  135 30
  135 33
  135 34
  135 35
  135 36
  135 37
  135 39
  135 41
  135 43
  135 45
  135 48
  135 50
  135 51
  135 56
  135 59
  135 60
  135 62
  135 64
  135 66
  135 68
  135 73
  135 74
  135 75
  135 78
  135 79
  135 83
  135 85
  135 91
  135 93
  135 94
  135 96
  135 98
  135 99
  135 105
  135 106
  135 107
  135 114
  135 118
  135 121
  135 123
  135 126
  135 129
  135 130
  136 2
  136 7
  136 15
  136 16
  136 17
  136 18
  136 20
  136 22
  136 23
  136 25
  136 26
  136 29
  136 31
  136 34
  136 36
  136 37
  136 38
  136 39
  136 40
  136 41
  136 43
  136 44
  136 45
  136 47
  136 50
  136 57
  136 58
  136 62
  136 64
  136 65
  136 67
  136 68
  136 71
  136 72
  136 74
  136 75
  136 76
  136 85
  136 87
  136 93
  136 94
  136 95
  136 96
  136 98
  136 100
  136 101
  136 103
  136 104
  136 107
  136 109
  136 110
  136 115
  136 118
  136 121
  136 126
  136 127
  136 129
  136 130
  136 132
  136 134
  137 1
  137 2
  137 6
  137 7
  137 9
  137 12
  137 15
  137 17
  137 21
  137 22
  137 24
  137 25
  137 27
  137 29
  137 32
  137 33
  137 34
  137 36
  137 37
  137 38
  137 43
  137 44
  137 46
  137 47
  137 48
  137 50
  137 52
  137 53
  137 54
  137 55
  137 57
  137 60
  137 65
  137 66
  137 68
  137 69
  137 70
  137 73
  137 75
  137 76
  137 80
  137 84
  137 85
  137 86
  137 87
  137 88
  137 90
  137 93
  137 95
  137 100
  137 101
  137 103
  137 104
  137 106
  137 109
  137 110
  137 111
  137 113
  137 114
  137 117
  137 119
  137 121
  137 122
  137 123
  137 126
  137 129
  137 130
  137 135
  138 2
  138 6
  138 11
  138 13
  138 16
  138 17
  138 18
  138 19
  138 21
  138 23
  138 26
  138 29
  138 30
  138 31
  138 34
  138 36
  138 38
  138 39
  138 40
  138 41
  138 42
  138 45
  138 46
  138 49
  138 50
  138 51
  138 52
  138 58
  138 61
  138 62
  138 65
  138 66
  138 67
  138 71
  138 72
  138 73
  138 74
  138 77
  138 81
  138 82
  138 83
  138 84
  138 85
  138 86
  138 88
  138 89
  138 91
  138 96
  138 99
  138 100
  138 101
  138 102
  138 103
  138 104
  138 105
  138 108
  138 112
  138 113
  138 120
  138 122
  138 123
  138 127
  138 128
  138 131
  138 132
  138 133
  138 137
  139 2
  139 4
  139 5
  139 6
  139 7
  139 13
  139 16
  139 17
  139 20
  139 21
  139 23
  139 25
  139 26
  139 27
  139 28
  139 29
  139 31
  139 34
  139 35
  139 36
  139 39
  139 40
  139 51
  139 53
  139 54
  139 55
  139 58
  139 59
  139 60
  139 64
  139 65
  139 66
  139 67
  139 70
  139 72
  139 73
  139 74
  139 77
  139 81
  139 82
  139 87
  139 89
  139 91
  139 92
  139 94
  139 95
  139 97
  139 100
  139 102
  139 103
  139 104
  139 106
  139 108
  139 109
  139 110
  139 111
  139 112
  139 113
  139 117
  139 123
  139 124
  139 126
  139 130
  139 131
  139 133
  139 135
  139 137
  139 138
  140 1
  140 4
  140 5
  140 6
  140 7
  140 8
  140 9
  140 10
  140 11
  140 15
  140 17
  140 20
  140 21
  140 24
  140 25
  140 28
  140 30
  140 31
  140 38
  140 40
  140 41
  140 42
  140 44
  140 45
  140 46
  140 49
  140 53
  140 55
  140 57
  140 58
  140 61
  140 66
  140 68
  140 69
  140 72
  140 73
  140 75
  140 79
  140 80
  140 81
  140 83
  140 85
  140 87
  140 88
  140 89
  140 90
  140 91
  140 92
  140 93
  140 94
  140 95
  140 99
  140 101
  140 102
  140 104
  140 106
  140 107
  140 108
  140 112
  140 113
  140 119
  140 120
  140 123
  140 124
  140 125
  140 126
  140 127
  140 129
  140 130
  140 132
  140 133
  140 134
  140 135
  140 136
  140 137
  141 4
  141 7
  141 12
  141 16
  141 17
  141 19
  141 20
  141 21
  141 22
  141 23
  141 25
  141 28
  141 31
  141 32
  141 33
  141 40
  141 41
  141 44
  141 48
  141 51
  141 52
  141 55
  141 57
  141 60
  141 61
  141 62
  141 63
  141 65
  141 66
  141 68
  141 70
  141 71
  141 72
  141 75
  141 76
  141 78
  141 79
  141 82
  141 83
  141 84
  141 87
  141 89
  141 90
  141 92
  141 93
  141 96
  141 98
  141 99
  141 101
  141 104
  141 106
  141 108
  141 109
  141 110
  141 113
  141 114
  141 116
  141 119
  141 120
  141 126
  141 127
  141 128
  141 131
  141 132
  141 133
  141 135
  141 139
  142 3
  142 4
  142 5
  142 7
  142 8
  142 12
  142 13
  142 15
  142 17
  142 18
  142 19
  142 20
  142 24
  142 26
  142 30
  142 31
  142 33
  142 34
  142 37
  142 38
  142 40
  142 42
  142 44
  142 45
  142 47
  142 50
  142 53
  142 54
  142 55
  142 58
  142 64
  142 65
  142 70
  142 71
  142 72
  142 73
  142 75
  142 76
  142 78
  142 79
  142 80
  142 81
  142 83
  142 86
  142 87
  142 90
  142 91
  142 92
  142 93
  142 94
  142 95
  142 96
  142 99
  142 101
  142 102
  142 109
  142 110
  142 112
  142 113
  142 116
  142 117
  142 120
  142 122
  142 126
  142 127
  142 130
  142 133
  142 136
  142 138
  142 141
  143 4
  143 5
  143 8
  143 10
  143 11
  143 14
  143 15
  143 16
  143 18
  143 19
  143 26
  143 27
  143 29
  143 32
  143 36
  143 40
  143 43
  143 46
  143 51
  143 53
  143 54
  143 56
  143 58
  143 63
  143 64
  143 66
  143 71
  143 73
  143 74
  143 77
  143 79
  143 81
  143 83
  143 85
  143 86
  143 89
  143 95
  143 96
  143 101
  143 105
  143 106
  143 107
  143 108
  143 109
  143 110
  143 111
  143 112
  143 114
  143 116
  143 117
  143 118
  143 121
  143 122
  143 123
  143 128
  143 130
  143 131
  143 132
  143 133
  143 134
  143 135
  143 137
  143 138
  143 142
  144 1
  144 5
  144 7
  144 8
  144 10
  144 12
  144 15
  144 18
  144 19
  144 20
  144 21
  144 24
  144 26
  144 28
  144 32
  144 35
  144 37
  144 39
  144 40
  144 42
  144 43
  144 45
  144 48
  144 50
  144 53
  144 54
  144 57
  144 58
  144 59
  144 60
  144 63
  144 64
  144 65
  144 66
  144 67
  144 69
  144 70
  144 71
  144 73
  144 74
  144 75
  144 80
  144 81
  144 83
  144 84
  144 86
  144 87
  144 88
  144 89
  144 90
  144 92
  144 93
  144 94
  144 95
  144 96
  144 97
  144 98
  144 102
  144 103
  144 105
  144 108
  144 109
  144 114
  144 117
  144 118
  144 120
  144 122
  144 123
  144 125
  144 126
  144 128
  144 130
  144 134
  144 138
  144 139
  144 140
  144 143
  145 1
  145 5
  145 6
  145 8
  145 9
  145 11
  145 17
  145 18
  145 20
  145 23
  145 25
  145 26
  145 27
  145 30
  145 32
  145 34
  145 35
  145 37
  145 39
  145 42
  145 43
  145 44
  145 45
  145 46
  145 47
  145 50
  145 52
  145 55
  145 56
  145 57
  145 59
  145 60
  145 61
  145 62
  145 64
  145 65
  145 67
  145 70
  145 71
  145 73
  145 74
  145 76
  145 77
  145 79
  145 81
  145 85
  145 89
  145 91
  145 92
  145 93
  145 97
  145 99
  145 100
  145 101
  145 104
  145 106
  145 107
  145 108
  145 110
  145 112
  145 117
  145 119
  145 120
  145 122
  145 125
  145 126
  145 127
  145 129
  145 130
  145 132
  145 135
  145 136
  145 137
  145 138
  145 141
  145 142
  146 1
  146 2
  146 3
  146 6
  146 10
  146 11
  146 12
  146 14
  146 15
  146 20
  146 24
  146 26
  146 27
  146 28
  146 29
  146 30
  146 33
  146 34
  146 35
  146 36
  146 38
  146 39
  146 40
  146 41
  146 43
  146 44
  146 46
  146 49
  146 50
  146 51
  146 52
  146 53
  146 56
  146 57
  146 58
  146 59
  146 63
  146 65
  146 73
  146 74
  146 77
  146 78
  146 82
  146 84
  146 85
  146 86
  146 89
  146 91
  146 95
  146 96
  146 97
  146 98
  146 99
  146 102
  146 104
  146 106
  146 107
  146 109
  146 111
  146 113
  146 114
  146 117
  146 118
  146 119
  146 120
  146 124
  146 125
  146 126
  146 129
  146 132
  146 134
  146 135
  146 137
  146 138
  146 140
  146 141
  146 144
  147 1
  147 4
  147 6
  147 7
  147 8
  147 10
  147 11
  147 14
  147 18
  147 22
  147 26
  147 29
  147 31
  147 32
  147 34
  147 35
  147 36
  147 37
  147 38
  147 44
  147 47
  147 51
  147 52
  147 53
  147 54
  147 56
  147 58
  147 62
  147 63
  147 65
  147 66
  147 68
  147 69
  147 70
  147 71
  147 73
  147 74
  147 75
  147 76
  147 77
  147 78
  147 79
  147 80
  147 81
  147 85
  147 86
  147 88
  147 90
  147 95
  147 96
  147 97
  147 98
  147 100
  147 101
  147 103
  147 104
  147 105
  147 106
  147 108
  147 110
  147 113
  147 114
  147 115
  147 116
  147 119
  147 121
  147 122
  147 124
  147 125
  147 127
  147 128
  147 129
  147 130
  147 134
  147 137
  147 139
  147 141
  147 143
  148 1
  148 6
  148 7
  148 9
  148 10
  148 11
  148 13
  148 14
  148 15
  148 20
  148 26
  148 27
  148 30
  148 33
  148 34
  148 35
  148 41
  148 45
  148 50
  148 52
  148 53
  148 54
  148 55
  148 56
  148 57
  148 58
  148 59
  148 60
  148 61
  148 64
  148 65
  148 67
  148 68
  148 72
  148 74
  148 75
  148 76
  148 83
  148 84
  148 89
  148 94
  148 96
  148 97
  148 99
  148 101
  148 105
  148 107
  148 108
  148 109
  148 111
  148 112
  148 114
  148 115
  148 118
  148 120
  148 121
  148 123
  148 124
  148 126
  148 127
  148 128
  148 130
  148 131
  148 132
  148 134
  148 143
  148 144
  148 145
  148 146
  148 147
  149 1
  149 2
  149 6
  149 7
  149 14
  149 15
  149 17
  149 18
  149 21
  149 22
  149 23
  149 26
  149 28
  149 29
  149 30
  149 32
  149 34
  149 37
  149 42
  149 48
  149 51
  149 53
  149 55
  149 57
  149 59
  149 62
  149 64
  149 66
  149 68
  149 72
  149 73
  149 74
  149 76
  149 78
  149 79
  149 82
  149 83
  149 85
  149 87
  149 89
  149 91
  149 96
  149 99
  149 100
  149 101
  149 102
  149 106
  149 107
  149 109
  149 112
  149 116
  149 117
  149 119
  149 123
  149 125
  149 126
  149 127
  149 128
  149 129
  149 131
  149 134
  149 135
  149 137
  149 140
  149 144
  149 145
  149 147
  149 148
  150 1
  150 3
  150 4
  150 5
  150 6
  150 8
  150 14
  150 15
  150 17
  150 20
  150 22
  150 23
  150 27
  150 28
  150 30
  150 32
  150 35
  150 36
  150 40
  150 41
  150 42
  150 43
  150 44
  150 48
  150 49
  150 51
  150 53
  150 54
  150 55
  150 58
  150 59
  150 60
  150 61
  150 64
  150 66
  150 69
  150 70
  150 71
  150 73
  150 74
  150 75
  150 76
  150 79
  150 84
  150 85
  150 86
  150 87
  150 88
  150 89
  150 90
  150 93
  150 94
  150 95
  150 99
  150 101
  150 105
  150 106
  150 109
  150 113
  150 117
  150 118
  150 124
  150 126
  150 128
  150 129
  150 132
  150 133
  150 134
  150 136
  150 138
  150 139
  150 140
  150 144
  150 145
  150 146
  151 1
  151 6
  151 7
  151 8
  151 9
  151 10
  151 11
  151 14
  151 15
  151 16
  151 17
  151 19
  151 22
  151 27
  151 29
  151 30
  151 32
  151 34
  151 36
  151 37
  151 41
  151 42
  151 48
  151 49
  151 51
  151 52
  151 53
  151 54
  151 58
  151 59
  151 62
  151 64
  151 65
  151 67
  151 68
  151 69
  151 70
  151 72
  151 76
  151 78
  151 79
  151 81
  151 82
  151 84
  151 87
  151 92
  151 97
  151 99
  151 100
  151 103
  151 104
  151 107
  151 108
  151 109
  151 112
  151 114
  151 116
  151 117
  151 118
  151 120
  151 124
  151 125
  151 126
  151 127
  151 128
  151 131
  151 134
  151 136
  151 139
  151 142
  151 143
  151 144
  151 147
  151 148
  151 149
  151 150
  152 3
  152 4
  152 5
  152 6
  152 9
  152 14
  152 18
  152 19
  152 21
  152 25
  152 31
  152 32
  152 33
  152 35
  152 36
  152 37
  152 40
  152 42
  152 44
  152 45
  152 46
  152 48
  152 49
  152 50
  152 51
  152 52
  152 53
  152 54
  152 55
  152 58
  152 61
  152 63
  152 66
  152 67
  152 69
  152 70
  152 71
  152 72
  152 73
  152 74
  152 75
  152 76
  152 80
  152 81
  152 89
  152 90
  152 91
  152 93
  152 95
  152 96
  152 97
  152 98
  152 100
  152 102
  152 103
  152 104
  152 106
  152 107
  152 108
  152 111
  152 112
  152 113
  152 114
  152 119
  152 122
  152 123
  152 126
  152 130
  152 131
  152 134
  152 135
  152 137
  152 139
  152 141
  152 144
  152 146
  152 148
  152 149
  152 151
  153 1
  153 2
  153 3
  153 4
  153 5
  153 6
  153 7
  153 10
  153 13
  153 14
  153 15
  153 16
  153 17
  153 18
  153 19
  153 20
  153 22
  153 25
  153 26
  153 27
  153 28
  153 33
  153 44
  153 46
  153 48
  153 50
  153 52
  153 53
  153 55
  153 58
  153 59
  153 61
  153 62
  153 64
  153 70
  153 71
  153 72
  153 76
  153 78
  153 82
  153 84
  153 88
  153 89
  153 90
  153 91
  153 92
  153 94
  153 96
  153 97
  153 98
  153 99
  153 101
  153 103
  153 109
  153 110
  153 111
  153 112
  153 113
  153 114
  153 117
  153 118
  153 119
  153 125
  153 130
  153 132
  153 135
  153 136
  153 138
  153 142
  153 143
  153 145
  153 146
  154 1
  154 2
  154 3
  154 6
  154 8
  154 9
  154 14
  154 16
  154 17
  154 20
  154 24
  154 25
  154 27
  154 28
  154 33
  154 34
  154 39
  154 43
  154 45
  154 47
  154 55
  154 56
  154 57
  154 58
  154 59
  154 62
  154 64
  154 68
  154 69
  154 71
  154 74
  154 76
  154 77
  154 78
  154 79
  154 80
  154 82
  154 83
  154 84
  154 85
  154 90
  154 91
  154 94
  154 95
  154 97
  154 98
  154 99
  154 100
  154 103
  154 106
  154 109
  154 110
  154 111
  154 112
  154 113
  154 114
  154 116
  154 118
  154 122
  154 123
  154 125
  154 127
  154 128
  154 129
  154 130
  154 131
  154 132
  154 133
  154 136
  154 137
  154 140
  154 141
  154 143
  154 144
  154 146
  154 147
  154 148
  154 150
  154 151
  154 152
  155 1
  155 2
  155 4
  155 6
  155 9
  155 11
  155 12
  155 13
  155 15
  155 20
  155 22
  155 23
  155 26
  155 28
  155 29
  155 31
  155 35
  155 36
  155 39
  155 40
  155 41
  155 44
  155 45
  155 51
  155 55
  155 56
  155 63
  155 64
  155 65
  155 68
  155 71
  155 73
  155 74
  155 81
  155 82
  155 84
  155 86
  155 88
  155 89
  155 90
  155 91
  155 92
  155 94
  155 95
  155 99
  155 100
  155 101
  155 102
  155 103
  155 104
  155 108
  155 109
  155 111
  155 113
  155 115
  155 116
  155 117
  155 119
  155 124
  155 126
  155 127
  155 128
  155 130
  155 131
  155 132
  155 133
  155 135
  155 136
  155 137
  155 138
  155 139
  155 140
  155 141
  155 142
  155 145
  155 146
  155 149
  155 151
  155 152
  155 153
  155 154
  156 1
  156 3
  156 4
  156 5
  156 11
  156 13
  156 14
  156 15
  156 16
  156 17
  156 18
  156 19
  156 22
  156 23
  156 24
  156 25
  156 26
  156 28
  156 32
  156 39
  156 42
  156 44
  156 45
  156 46
  156 48
  156 49
  156 51
  156 53
  156 58
  156 60
  156 61
  156 62
  156 64
  156 66
  156 69
  156 70
  156 71
  156 73
  156 74
  156 75
  156 76
  156 80
  156 83
  156 84
  156 85
  156 86
  156 88
  156 89
  156 93
  156 96
  156 97
  156 99
  156 100
  156 102
  156 104
  156 106
  156 107
  156 110
  156 112
  156 113
  156 114
  156 115
  156 116
  156 117
  156 118
  156 121
  156 124
  156 126
  156 127
  156 128
  156 130
  156 132
  156 134
  156 135
  156 136
  156 138
  156 139
  156 140
  156 141
  156 142
  156 143
  156 145
  156 146
  156 149
  156 151
  156 152
  156 154
  157 1
  157 2
  157 3
  157 4
  157 6
  157 9
  157 10
  157 12
  157 14
  157 15
  157 16
  157 17
  157 20
  157 26
  157 27
  157 29
  157 30
  157 33
  157 35
  157 36
  157 41
  157 43
  157 44
  157 46
  157 47
  157 48
  157 49
  157 52
  157 55
  157 57
  157 58
  157 62
  157 65
  157 74
  157 76
  157 77
  157 78
  157 81
  157 84
  157 86
  157 88
  157 90
  157 92
  157 93
  157 97
  157 99
  157 103
  157 104
  157 105
  157 106
  157 113
  157 117
  157 122
  157 126
  157 127
  157 130
  157 132
  157 133
  157 140
  157 144
  157 151
  157 153
  158 1
  158 2
  158 4
  158 5
  158 6
  158 7
  158 8
  158 10
  158 11
  158 12
  158 13
  158 15
  158 17
  158 19
  158 20
  158 22
  158 23
  158 24
  158 25
  158 26
  158 27
  158 28
  158 29
  158 31
  158 32
  158 37
  158 41
  158 42
  158 44
  158 48
  158 51
  158 52
  158 55
  158 58
  158 59
  158 63
  158 64
  158 68
  158 69
  158 70
  158 71
  158 72
  158 74
  158 75
  158 76
  158 78
  158 79
  158 81
  158 82
  158 83
  158 84
  158 85
  158 87
  158 88
  158 89
  158 93
  158 94
  158 95
  158 98
  158 99
  158 100
  158 103
  158 105
  158 107
  158 108
  158 109
  158 117
  158 118
  158 119
  158 120
  158 122
  158 125
  158 126
  158 127
  158 128
  158 131
  158 132
  158 134
  158 135
  158 136
  158 139
  158 140
  158 141
  158 143
  158 144
  158 145
  158 149
  158 152
  158 155
  158 156
  159 3
  159 5
  159 7
  159 12
  159 13
  159 15
  159 16
  159 17
  159 18
  159 19
  159 22
  159 23
  159 24
  159 28
  159 32
  159 36
  159 38
  159 43
  159 45
  159 51
  159 56
  159 59
  159 60
  159 61
  159 62
  159 64
  159 66
  159 67
  159 68
  159 69
  159 70
  159 71
  159 73
  159 74
  159 76
  159 77
  159 80
  159 81
  159 83
  159 84
  159 85
  159 90
  159 94
  159 95
  159 96
  159 97
  159 99
  159 102
  159 104
  159 106
  159 107
  159 117
  159 119
  159 120
  159 122
  159 123
  159 124
  159 128
  159 130
  159 131
  159 133
  159 134
  159 138
  159 139
  159 141
  159 142
  159 144
  159 145
  159 146
  159 147
  159 148
  159 150
  159 153
  159 155
  159 156
  159 157
  160 3
  160 7
  160 9
  160 10
  160 11
  160 13
  160 14
  160 15
  160 16
  160 17
  160 18
  160 19
  160 22
  160 24
  160 25
  160 29
  160 33
  160 34
  160 35
  160 36
  160 39
  160 41
  160 42
  160 43
  160 46
  160 49
  160 50
  160 51
  160 53
  160 54
  160 55
  160 57
  160 60
  160 63
  160 64
  160 66
  160 67
  160 68
  160 69
  160 71
  160 72
  160 74
  160 75
  160 77
  160 78
  160 80
  160 82
  160 85
  160 86
  160 87
  160 88
  160 90
  160 93
  160 94
  160 95
  160 99
  160 101
  160 104
  160 105
  160 107
  160 108
  160 109
  160 110
  160 111
  160 113
  160 115
  160 116
  160 118
  160 119
  160 121
  160 124
  160 125
  160 126
  160 129
  160 130
  160 131
  160 134
  160 135
  160 138
  160 140
  160 141
  160 142
  160 144
  160 146
  160 147
  160 149
  160 150
  160 152
  160 156
  160 157
  160 159
  161 1
  161 3
  161 4
  161 6
  161 11
  161 13
  161 14
  161 15
  161 18
  161 27
  161 28
  161 32
  161 33
  161 35
  161 36
  161 38
  161 41
  161 42
  161 44
  161 45
  161 46
  161 47
  161 52
  161 54
  161 55
  161 57
  161 58
  161 59
  161 60
  161 61
  161 63
  161 64
  161 65
  161 66
  161 68
  161 69
  161 70
  161 71
  161 72
  161 73
  161 76
  161 78
  161 80
  161 81
  161 82
  161 84
  161 85
  161 86
  161 88
  161 92
  161 93
  161 96
  161 97
  161 100
  161 101
  161 102
  161 103
  161 106
  161 107
  161 113
  161 114
  161 117
  161 118
  161 119
  161 120
  161 122
  161 124
  161 125
  161 126
  161 127
  161 128
  161 129
  161 131
  161 132
  161 133
  161 134
  161 136
  161 138
  161 139
  161 142
  161 144
  161 147
  161 148
  161 151
  161 154
  161 155
  161 156
  161 159
  161 160
  162 2
  162 3
  162 4
  162 5
  162 7
  162 8
  162 10
  162 11
  162 14
  162 15
  162 16
  162 18
  162 19
  162 23
  162 26
  162 28
  162 30
  162 31
  162 33
  162 37
  162 38
  162 40
  162 42
  162 45
  162 46
  162 48
  162 49
  162 51
  162 55
  162 57
  162 58
  162 59
  162 61
  162 62
  162 63
  162 64
  162 66
  162 67
  162 68
  162 69
  162 71
  162 72
  162 75
  162 77
  162 78
  162 81
  162 82
  162 88
  162 89
  162 90
  162 92
  162 95
  162 96
  162 101
  162 104
  162 105
  162 107
  162 108
  162 114
  162 118
  162 121
  162 122
  162 123
  162 127
  162 129
  162 132
  162 134
  162 135
  162 139
  162 141
  162 142
  162 143
  162 144
  162 146
  162 147
  162 151
  162 152
  162 154
  162 156
  162 157
  162 159
  162 160
  162 161
  163 3
  163 5
  163 6
  163 7
  163 8
  163 9
  163 12
  163 13
  163 14
  163 15
  163 16
  163 17
  163 18
  163 19
  163 20
  163 25
  163 26
  163 27
  163 28
  163 29
  163 30
  163 33
  163 38
  163 39
  163 42
  163 43
  163 44
  163 45
  163 46
  163 48
  163 50
  163 51
  163 52
  163 56
  163 57
  163 58
  163 63
  163 64
  163 65
  163 66
  163 68
  163 71
  163 72
  163 73
  163 75
  163 76
  163 77
  163 81
  163 88
  163 91
  163 92
  163 93
  163 95
  163 98
  163 101
  163 102
  163 104
  163 105
  163 106
  163 107
  163 111
  163 112
  163 114
  163 116
  163 120
  163 121
  163 122
  163 124
  163 127
  163 128
  163 129
  163 132
  163 135
  163 136
  163 137
  163 138
  163 140
  163 141
  163 145
  163 147
  163 148
  163 149
  163 150
  163 151
  163 154
  163 156
  163 161
  163 162
  164 2
  164 8
  164 11
  164 12
  164 13
  164 15
  164 16
  164 17
  164 18
  164 21
  164 22
  164 23
  164 24
  164 26
  164 27
  164 29
  164 33
  164 34
  164 35
  164 36
  164 39
  164 40
  164 43
  164 45
  164 49
  164 50
  164 51
  164 54
  164 57
  164 58
  164 59
  164 60
  164 66
  164 68
  164 69
  164 72
  164 75
  164 76
  164 77
  164 79
  164 81
  164 86
  164 87
  164 89
  164 90
  164 92
  164 93
  164 96
  164 97
  164 98
  164 99
  164 102
  164 103
  164 104
  164 105
  164 106
  164 107
  164 108
  164 109
  164 111
  164 112
  164 118
  164 119
  164 120
  164 121
  164 123
  164 125
  164 126
  164 127
  164 129
  164 130
  164 131
  164 135
  164 138
  164 142
  164 143
  164 146
  164 149
  164 151
  164 152
  164 154
  164 156
  164 157
  164 158
  164 160
  164 163
  165 1
  165 2
  165 3
  165 4
  165 5
  165 6
  165 8
  165 9
  165 10
  165 11
  165 12
  165 13
  165 14
  165 15
  165 17
  165 18
  165 19
  165 23
  165 25
  165 26
  165 29
  165 30
  165 31
  165 33
  165 35
  165 36
  165 37
  165 42
  165 44
  165 46
  165 47
  165 49
  165 52
  165 53
  165 54
  165 56
  165 58
  165 59
  165 61
  165 63
  165 65
  165 66
  165 67
  165 69
  165 71
  165 72
  165 73
  165 74
  165 76
  165 77
  165 78
  165 80
  165 82
  165 84
  165 87
  165 89
  165 92
  165 93
  165 94
  165 96
  165 97
  165 98
  165 99
  165 100
  165 101
  165 102
  165 105
  165 106
  165 108
  165 111
  165 112
  165 114
  165 119
  165 120
  165 121
  165 123
  165 124
  165 127
  165 131
  165 134
  165 138
  165 139
  165 142
  165 143
  165 144
  165 149
  165 151
  165 152
  165 153
  165 154
  165 155
  165 157
  165 158
  165 159
  165 160
  165 161
  165 163
  165 164
  166 1
  166 3
  166 6
  166 7
  166 8
  166 9
  166 10
  166 11
  166 12
  166 14
  166 15
  166 16
  166 17
  166 18
  166 19
  166 22
  166 23
  166 28
  166 30
  166 34
  166 35
  166 36
  166 43
  166 45
  166 46
  166 48
  166 49
  166 50
  166 52
  166 56
  166 57
  166 58
  166 59
  166 60
  166 61
  166 68
  166 69
  166 70
  166 71
  166 73
  166 75
  166 76
  166 78
  166 79
  166 84
  166 87
  166 88
  166 89
  166 90
  166 95
  166 97
  166 98
  166 99
  166 101
  166 105
  166 106
  166 108
  166 109
  166 111
  166 113
  166 114
  166 115
  166 116
  166 120
  166 122
  166 124
  166 126
  166 127
  166 128
  166 132
  166 133
  166 138
  166 141
  166 142
  166 144
  166 145
  166 147
  166 148
  166 150
  166 151
  166 157
  166 159
  166 160
  166 161
  166 162
  166 164
  167 2
  167 3
  167 4
  167 6
  167 7
  167 13
  167 16
  167 18
  167 20
  167 21
  167 22
  167 24
  167 25
  167 31
  167 34
  167 35
  167 36
  167 37
  167 38
  167 42
  167 45
  167 46
  167 48
  167 49
  167 51
  167 52
  167 53
  167 56
  167 57
  167 58
  167 59
  167 62
  167 63
  167 68
  167 72
  167 73
  167 74
  167 76
  167 78
  167 79
  167 80
  167 81
  167 82
  167 85
  167 87
  167 91
  167 92
  167 93
  167 94
  167 95
  167 97
  167 98
  167 99
  167 105
  167 107
  167 109
  167 111
  167 114
  167 115
  167 117
  167 118
  167 120
  167 121
  167 122
  167 123
  167 125
  167 126
  167 127
  167 128
  167 129
  167 131
  167 133
  167 135
  167 137
  167 138
  167 139
  167 140
  167 141
  167 143
  167 144
  167 145
  167 146
  167 151
  167 152
  167 153
  167 155
  167 156
  167 157
  167 158
  167 159
  167 160
  167 161
  167 164
  168 2
  168 3
  168 4
  168 7
  168 8
  168 9
  168 10
  168 12
  168 13
  168 16
  168 18
  168 19
  168 20
  168 22
  168 26
  168 27
  168 30
  168 31
  168 32
  168 33
  168 35
  168 36
  168 38
  168 39
  168 40
  168 41
  168 43
  168 44
  168 47
  168 48
  168 50
  168 53
  168 54
  168 56
  168 58
  168 59
  168 61
  168 62
  168 64
  168 65
  168 66
  168 69
  168 70
  168 72
  168 74
  168 77
  168 80
  168 83
  168 85
  168 86
  168 87
  168 89
  168 91
  168 93
  168 99
  168 101
  168 104
  168 109
  168 110
  168 117
  168 118
  168 119
  168 124
  168 125
  168 127
  168 128
  168 133
  168 135
  168 136
  168 137
  168 138
  168 139
  168 142
  168 146
  168 148
  168 149
  168 150
  168 151
  168 153
  168 154
  168 156
  168 157
  168 158
  168 160
  169 1
  169 4
  169 8
  169 9
  169 14
  169 15
  169 16
  169 17
  169 24
  169 32
  169 33
  169 36
  169 38
  169 40
  169 41
  169 43
  169 45
  169 47
  169 48
  169 50
  169 52
  169 53
  169 54
  169 57
  169 58
  169 62
  169 66
  169 67
  169 68
  169 69
  169 71
  169 75
  169 77
  169 80
  169 82
  169 83
  169 85
  169 89
  169 91
  169 94
  169 97
  169 99
  169 100
  169 101
  169 103
  169 104
  169 105
  169 106
  169 107
  169 108
  169 109
  169 110
  169 117
  169 118
  169 120
  169 122
  169 123
  169 125
  169 127
  169 128
  169 129
  169 130
  169 132
  169 134
  169 138
  169 139
  169 140
  169 141
  169 143
  169 146
  169 147
  169 148
  169 149
  169 150
  169 152
  169 154
  169 155
  169 157
  169 161
  169 162
  169 163
  169 165
  169 166
  170 1
  170 3
  170 4
  170 6
  170 8
  170 9
  170 11
  170 13
  170 14
  170 15
  170 17
  170 18
  170 19
  170 20
  170 21
  170 22
  170 24
  170 27
  170 29
  170 30
  170 31
  170 33
  170 35
  170 36
  170 38
  170 39
  170 46
  170 51
  170 52
  170 54
  170 56
  170 57
  170 59
  170 60
  170 61
  170 62
  170 65
  170 66
  170 67
  170 68
  170 71
  170 75
  170 76
  170 78
  170 81
  170 83
  170 84
  170 86
  170 88
  170 89
  170 90
  170 93
  170 94
  170 96
  170 97
  170 98
  170 104
  170 108
  170 110
  170 113
  170 114
  170 120
  170 122
  170 123
  170 128
  170 129
  170 131
  170 135
  170 136
  170 137
  170 139
  170 140
  170 141
  170 143
  170 144
  170 150
  170 151
  170 152
  170 153
  170 154
  170 159
  170 162
  170 163
  170 166
  170 167
  171 1
  171 2
  171 4
  171 7
  171 10
  171 12
  171 14
  171 15
  171 19
  171 20
  171 21
  171 23
  171 24
  171 28
  171 29
  171 30
  171 31
  171 37
  171 39
  171 42
  171 46
  171 48
  171 52
  171 54
  171 57
  171 61
  171 62
  171 63
  171 64
  171 65
  171 67
  171 70
  171 71
  171 72
  171 73
  171 74
  171 75
  171 76
  171 83
  171 84
  171 85
  171 88
  171 89
  171 90
  171 91
  171 92
  171 95
  171 97
  171 98
  171 99
  171 100
  171 101
  171 102
  171 106
  171 108
  171 109
  171 110
  171 111
  171 113
  171 114
  171 115
  171 118
  171 120
  171 121
  171 126
  171 127
  171 129
  171 130
  171 131
  171 132
  171 135
  171 144
  171 145
  171 146
  171 147
  171 149
  171 150
  171 151
  171 152
  171 153
  171 156
  171 158
  171 159
  171 160
  171 161
  171 162
  171 163
  171 164
  171 166
  171 169
  172 2
  172 3
  172 12
  172 14
  172 15
  172 16
  172 18
  172 20
  172 21
  172 22
  172 25
  172 28
  172 30
  172 34
  172 35
  172 36
  172 37
  172 38
  172 39
  172 40
  172 41
  172 44
  172 46
  172 48
  172 49
  172 50
  172 51
  172 52
  172 58
  172 59
  172 62
  172 64
  172 65
  172 66
  172 72
  172 73
  172 76
  172 77
  172 78
  172 79
  172 80
  172 82
  172 83
  172 84
  172 87
  172 88
  172 91
  172 93
  172 96
  172 97
  172 98
  172 101
  172 102
  172 104
  172 106
  172 107
  172 109
  172 111
  172 114
  172 115
  172 118
  172 119
  172 122
  172 123
  172 125
  172 129
  172 130
  172 131
  172 132
  172 134
  172 135
  172 136
  172 138
  172 139
  172 140
  172 143
  172 146
  172 148
  172 150
  172 151
  172 152
  172 153
  172 158
  172 159
  172 160
  172 161
  172 162
  172 163
  172 164
  172 170
  172 171
  173 2
  173 5
  173 6
  173 14
  173 16
  173 17
  173 19
  173 23
  173 24
  173 25
  173 27
  173 30
  173 32
  173 36
  173 37
  173 38
  173 42
  173 43
  173 45
  173 47
  173 49
  173 54
  173 55
  173 57
  173 61
  173 63
  173 64
  173 65
  173 66
  173 67
  173 69
  173 70
  173 72
  173 73
  173 74
  173 76
  173 78
  173 79
  173 80
  173 81
  173 83
  173 84
  173 85
  173 88
  173 89
  173 91
  173 93
  173 96
  173 97
  173 99
  173 101
  173 102
  173 109
  173 110
  173 111
  173 112
  173 114
  173 115
  173 117
  173 119
  173 120
  173 122
  173 123
  173 126
  173 130
  173 131
  173 132
  173 138
  173 140
  173 141
  173 142
  173 143
  173 144
  173 147
  173 149
  173 150
  173 153
  173 154
  173 157
  173 158
  173 159
  173 161
  173 163
  173 164
  173 165
  173 166
  173 167
  173 169
  173 172
  174 4
  174 5
  174 6
  174 9
  174 10
  174 13
  174 15
  174 16
  174 19
  174 21
  174 23
  174 27
  174 30
  174 32
  174 33
  174 34
  174 35
  174 38
  174 39
  174 40
  174 41
  174 44
  174 45
  174 46
  174 48
  174 51
  174 54
  174 57
  174 62
  174 64
  174 68
  174 69
  174 73
  174 76
  174 77
  174 78
  174 79
  174 81
  174 82
  174 86
  174 87
  174 91
  174 94
  174 97
  174 98
  174 99
  174 100
  174 103
  174 104
  174 105
  174 106
  174 108
  174 109
  174 110
  174 112
  174 113
  174 114
  174 116
  174 117
  174 119
  174 122
  174 123
  174 124
  174 125
  174 127
  174 128
  174 129
  174 130
  174 132
  174 134
  174 136
  174 137
  174 138
  174 141
  174 143
  174 144
  174 145
  174 146
  174 149
  174 151
  174 152
  174 153
  174 155
  174 156
  174 159
  174 160
  174 162
  174 166
  174 168
  174 171
  175 1
  175 2
  175 3
  175 4
  175 7
  175 8
  175 10
  175 11
  175 12
  175 13
  175 15
  175 16
  175 18
  175 20
  175 24
  175 27
  175 30
  175 31
  175 33
  175 34
  175 36
  175 39
  175 42
  175 44
  175 45
  175 47
  175 49
  175 52
  175 55
  175 57
  175 60
  175 62
  175 63
  175 64
  175 67
  175 68
  175 70
  175 71
  175 72
  175 74
  175 75
  175 76
  175 77
  175 80
  175 83
  175 84
  175 85
  175 87
  175 89
  175 90
  175 92
  175 93
  175 94
  175 96
  175 98
  175 99
  175 101
  175 105
  175 107
  175 108
  175 111
  175 112
  175 115
  175 117
  175 118
  175 121
  175 123
  175 124
  175 126
  175 128
  175 132
  175 135
  175 136
  175 138
  175 139
  175 144
  175 145
  175 147
  175 150
  175 151
  175 152
  175 158
  175 159
  175 162
  175 172
  175 174
  176 1
  176 2
  176 3
  176 10
  176 11
  176 13
  176 14
  176 15
  176 16
  176 19
  176 21
  176 24
  176 26
  176 27
  176 28
  176 31
  176 32
  176 34
  176 38
  176 44
  176 45
  176 47
  176 48
  176 51
  176 52
  176 53
  176 54
  176 55
  176 56
  176 57
  176 60
  176 61
  176 64
  176 65
  176 66
  176 67
  176 69
  176 71
  176 72
  176 73
  176 75
  176 77
  176 78
  176 79
  176 80
  176 81
  176 82
  176 84
  176 85
  176 86
  176 87
  176 90
  176 95
  176 96
  176 97
  176 98
  176 99
  176 103
  176 104
  176 105
  176 108
  176 110
  176 113
  176 115
  176 117
  176 118
  176 119
  176 121
  176 124
  176 126
  176 128
  176 130
  176 131
  176 134
  176 135
  176 137
  176 138
  176 140
  176 143
  176 146
  176 148
  176 150
  176 151
  176 155
  176 156
  176 157
  176 159
  176 161
  176 164
  176 165
  176 167
  176 169
  176 170
  176 174
  176 175
  177 1
  177 2
  177 3
  177 4
  177 8
  177 9
  177 10
  177 11
  177 13
  177 17
  177 19
  177 20
  177 22
  177 23
  177 24
  177 25
  177 26
  177 27
  177 28
  177 30
  177 32
  177 38
  177 39
  177 40
  177 42
  177 45
  177 46
  177 47
  177 48
  177 49
  177 50
  177 51
  177 52
  177 54
  177 55
  177 56
  177 57
  177 60
  177 68
  177 69
  177 70
  177 73
  177 75
  177 76
  177 77
  177 78
  177 81
  177 82
  177 85
  177 87
  177 88
  177 91
  177 92
  177 94
  177 97
  177 98
  177 99
  177 100
  177 101
  177 103
  177 110
  177 118
  177 120
  177 121
  177 122
  177 124
  177 126
  177 127
  177 129
  177 130
  177 131
  177 132
  177 136
  177 137
  177 139
  177 147
  177 151
  177 153
  177 154
  177 156
  177 157
  177 158
  177 159
  177 160
  177 161
  177 162
  177 164
  177 165
  177 166
  177 168
  177 173
  177 175
  177 176
  178 1
  178 2
  178 4
  178 7
  178 9
  178 10
  178 12
  178 14
  178 15
  178 17
  178 18
  178 19
  178 21
  178 24
  178 25
  178 26
  178 27
  178 28
  178 30
  178 31
  178 32
  178 33
  178 36
  178 37
  178 38
  178 39
  178 40
  178 44
  178 45
  178 51
  178 52
  178 55
  178 59
  178 60
  178 61
  178 63
  178 64
  178 69
  178 70
  178 71
  178 75
  178 76
  178 78
  178 79
  178 83
  178 84
  178 87
  178 89
  178 94
  178 98
  178 100
  178 102
  178 103
  178 105
  178 106
  178 112
  178 114
  178 116
  178 118
  178 119
  178 121
  178 123
  178 126
  178 129
  178 132
  178 134
  178 138
  178 140
  178 141
  178 142
  178 145
  178 146
  178 147
  178 149
  178 150
  178 151
  178 152
  178 153
  178 155
  178 157
  178 158
  178 162
  178 164
  178 165
  178 166
  178 168
  178 169
  178 170
  178 171
  178 172
  178 173
  178 174
  178 176
  178 177
  179 2
  179 4
  179 5
  179 8
  179 9
  179 14
  179 15
  179 19
  179 20
  179 21
  179 23
  179 27
  179 29
  179 32
  179 40
  179 42
  179 44
  179 46
  179 47
  179 48
  179 51
  179 54
  179 56
  179 58
  179 59
  179 60
  179 70
  179 72
  179 73
  179 77
  179 79
  179 81
  179 82
  179 83
  179 84
  179 85
  179 86
  179 87
  179 90
  179 93
  179 95
  179 96
  179 99
  179 101
  179 105
  179 107
  179 110
  179 111
  179 116
  179 117
  179 120
  179 122
  179 123
  179 127
  179 129
  179 130
  179 132
  179 133
  179 134
  179 140
  179 143
  179 146
  179 149
  179 150
  179 152
  179 153
  179 154
  179 155
  179 157
  179 158
  179 159
  179 160
  179 162
  179 163
  179 164
  179 165
  179 166
  179 171
  179 172
  179 173
  179 176
  179 177
  180 1
  180 4
  180 6
  180 7
  180 8
  180 9
  180 13
  180 17
  180 18
  180 21
  180 22
  180 23
  180 29
  180 31
  180 32
  180 33
  180 38
  180 39
  180 40
  180 44
  180 45
  180 46
  180 47
  180 48
  180 49
  180 50
  180 51
  180 52
  180 56
  180 57
  180 58
  180 61
  180 62
  180 64
  180 67
  180 68
  180 69
  180 70
  180 71
  180 72
  180 74
  180 75
  180 76
  180 77
  180 79
  180 80
  180 82
  180 83
  180 85
  180 86
  180 87
  180 88
  180 89
  180 90
  180 93
  180 95
  180 97
  180 100
  180 102
  180 104
  180 107
  180 109
  180 110
  180 112
  180 113
  180 114
  180 119
  180 121
  180 124
  180 126
  180 127
  180 130
  180 132
  180 133
  180 135
  180 138
  180 139
  180 141
  180 146
  180 148
  180 149
  180 150
  180 151
  180 152
  180 155
  180 157
  180 162
  180 168
  180 170
  180 171
  180 172
  180 174
  180 176
  180 179
  181 5
  181 6
  181 9
  181 12
  181 14
  181 15
  181 18
  181 19
  181 20
  181 22
  181 25
  181 27
  181 28
  181 30
  181 31
  181 33
  181 34
  181 36
  181 38
  181 39
  181 41
  181 42
  181 46
  181 50
  181 51
  181 53
  181 54
  181 55
  181 57
  181 58
  181 59
  181 62
  181 64
  181 65
  181 73
  181 74
  181 79
  181 80
  181 81
  181 82
  181 85
  181 86
  181 87
  181 89
  181 91
  181 92
  181 93
  181 94
  181 98
  181 99
  181 100
  181 102
  181 106
  181 107
  181 109
  181 113
  181 115
  181 117
  181 118
  181 120
  181 121
  181 122
  181 124
  181 128
  181 129
  181 131
  181 134
  181 136
  181 137
  181 138
  181 139
  181 142
  181 144
  181 145
  181 149
  181 151
  181 152
  181 154
  181 160
  181 165
  181 166
  181 167
  181 169
  181 171
  181 173
  181 174
  181 175
  181 176
  181 177
  181 179
  182 2
  182 4
  182 6
  182 7
  182 9
  182 12
  182 13
  182 14
  182 16
  182 23
  182 25
  182 26
  182 28
  182 31
  182 32
  182 34
  182 41
  182 43
  182 45
  182 46
  182 47
  182 48
  182 49
  182 53
  182 55
  182 56
  182 58
  182 61
  182 63
  182 68
  182 71
  182 74
  182 75
  182 84
  182 86
  182 88
  182 89
  182 90
  182 91
  182 93
  182 96
  182 102
  182 104
  182 105
  182 106
  182 108
  182 109
  182 110
  182 111
  182 112
  182 113
  182 115
  182 120
  182 122
  182 130
  182 133
  182 135
  182 137
  182 141
  182 146
  182 147
  182 150
  182 152
  182 154
  182 157
  182 159
  182 160
  182 162
  182 164
  182 165
  182 167
  182 168
  182 169
  182 170
  182 172
  182 173
  182 179
  182 180
  183 3
  183 4
  183 5
  183 6
  183 9
  183 15
  183 17
  183 20
  183 22
  183 23
  183 24
  183 26
  183 28
  183 29
  183 30
  183 32
  183 33
  183 34
  183 35
  183 36
  183 37
  183 40
  183 42
  183 43
  183 45
  183 46
  183 48
  183 49
  183 50
  183 52
  183 53
  183 54
  183 57
  183 65
  183 67
  183 68
  183 69
  183 70
  183 72
  183 73
  183 74
  183 76
  183 79
  183 81
  183 82
  183 84
  183 85
  183 86
  183 87
  183 88
  183 91
  183 96
  183 98
  183 99
  183 102
  183 103
  183 105
  183 110
  183 112
  183 115
  183 118
  183 119
  183 122
  183 123
  183 125
  183 126
  183 127
  183 129
  183 130
  183 131
  183 132
  183 133
  183 135
  183 136
  183 137
  183 138
  183 142
  183 144
  183 146
  183 150
  183 152
  183 158
  183 160
  183 161
  183 162
  183 163
  183 168
  183 171
  183 173
  183 174
  183 175
  183 176
  183 177
  183 182
  184 1
  184 2
  184 3
  184 5
  184 6
  184 11
  184 13
  184 18
  184 19
  184 20
  184 22
  184 25
  184 28
  184 29
  184 30
  184 32
  184 33
  184 35
  184 36
  184 37
  184 42
  184 45
  184 47
  184 48
  184 51
  184 52
  184 53
  184 54
  184 57
  184 59
  184 60
  184 61
  184 62
  184 63
  184 64
  184 66
  184 68
  184 70
  184 74
  184 75
  184 76
  184 77
  184 78
  184 79
  184 81
  184 90
  184 91
  184 92
  184 103
  184 105
  184 106
  184 108
  184 109
  184 110
  184 112
  184 117
  184 118
  184 119
  184 120
  184 121
  184 122
  184 123
  184 124
  184 125
  184 126
  184 129
  184 134
  184 136
  184 137
  184 139
  184 140
  184 142
  184 143
  184 147
  184 148
  184 150
  184 152
  184 153
  184 158
  184 160
  184 164
  184 167
  184 168
  184 176
  184 179
  184 180
  184 181
  185 1
  185 2
  185 5
  185 6
  185 8
  185 9
  185 10
  185 15
  185 16
  185 17
  185 19
  185 20
  185 21
  185 22
  185 29
  185 31
  185 34
  185 35
  185 38
  185 39
  185 43
  185 44
  185 47
  185 48
  185 50
  185 53
  185 55
  185 56
  185 57
  185 62
  185 63
  185 66
  185 67
  185 68
  185 69
  185 72
  185 78
  185 84
  185 85
  185 87
  185 88
  185 89
  185 90
  185 93
  185 98
  185 103
  185 105
  185 107
  185 108
  185 109
  185 110
  185 111
  185 112
  185 114
  185 117
  185 118
  185 120
  185 121
  185 122
  185 125
  185 131
  185 134
  185 136
  185 139
  185 140
  185 141
  185 142
  185 144
  185 145
  185 146
  185 147
  185 148
  185 149
  185 152
  185 159
  185 162
  185 168
  185 170
  185 171
  185 173
  185 175
  185 178
  185 179
  185 180
  185 181
  185 184
  186 1
  186 7
  186 10
  186 12
  186 13
  186 14
  186 15
  186 16
  186 18
  186 19
  186 21
  186 22
  186 23
  186 24
  186 26
  186 29
  186 30
  186 31
  186 32
  186 33
  186 34
  186 35
  186 36
  186 39
  186 43
  186 44
  186 45
  186 47
  186 48
  186 49
  186 50
  186 52
  186 53
  186 56
  186 57
  186 60
  186 61
  186 63
  186 64
  186 66
  186 67
  186 70
  186 71
  186 75
  186 77
  186 78
  186 79
  186 80
  186 81
  186 84
  186 85
  186 86
  186 89
  186 91
  186 93
  186 95
  186 101
  186 102
  186 103
  186 104
  186 105
  186 107
  186 108
  186 109
  186 111
  186 112
  186 113
  186 115
  186 116
  186 117
  186 118
  186 124
  186 127
  186 128
  186 130
  186 131
  186 134
  186 137
  186 138
  186 141
  186 142
  186 143
  186 145
  186 146
  186 147
  186 148
  186 149
  186 150
  186 151
  186 155
  186 156
  186 158
  186 161
  186 163
  186 165
  186 166
  186 167
  186 171
  186 173
  186 174
  186 175
  186 176
  186 177
  186 178
  186 180
  186 181
  186 183
  186 185
  187 1
  187 2
  187 4
  187 9
  187 11
  187 12
  187 18
  187 20
  187 21
  187 22
  187 26
  187 29
  187 31
  187 34
  187 35
  187 36
  187 37
  187 39
  187 40
  187 41
  187 43
  187 44
  187 45
  187 46
  187 47
  187 50
  187 51
  187 52
  187 58
  187 59
  187 60
  187 63
  187 66
  187 67
  187 68
  187 70
  187 71
  187 74
  187 76
  187 78
  187 80
  187 81
  187 82
  187 84
  187 85
  187 86
  187 87
  187 91
  187 92
  187 93
  187 94
  187 95
  187 96
  187 100
  187 102
  187 104
  187 106
  187 107
  187 110
  187 112
  187 114
  187 115
  187 117
  187 121
  187 123
  187 124
  187 125
  187 126
  187 129
  187 130
  187 133
  187 137
  187 138
  187 139
  187 141
  187 142
  187 144
  187 146
  187 147
  187 148
  187 149
  187 150
  187 152
  187 153
  187 155
  187 156
  187 157
  187 160
  187 161
  187 162
  187 164
  187 165
  187 168
  187 169
  187 170
  187 173
  187 174
  187 181
  187 182
  187 183
  187 186
  188 3
  188 4
  188 5
  188 6
  188 7
  188 9
  188 10
  188 11
  188 12
  188 15
  188 17
  188 18
  188 20
  188 21
  188 22
  188 25
  188 28
  188 30
  188 31
  188 34
  188 38
  188 40
  188 42
  188 44
  188 45
  188 48
  188 51
  188 57
  188 59
  188 67
  188 68
  188 69
  188 71
  188 72
  188 74
  188 76
  188 77
  188 78
  188 81
  188 91
  188 93
  188 95
  188 97
  188 99
  188 101
  188 105
  188 106
  188 107
  188 110
  188 111
  188 114
  188 118
  188 119
  188 120
  188 121
  188 122
  188 127
  188 130
  188 132
  188 134
  188 138
  188 139
  188 141
  188 143
  188 144
  188 145
  188 146
  188 147
  188 148
  188 150
  188 151
  188 152
  188 161
  188 163
  188 166
  188 167
  188 168
  188 169
  188 170
  188 173
  188 176
  188 177
  188 179
  188 182
  188 183
  188 185
  188 186
  189 1
  189 2
  189 4
  189 11
  189 12
  189 14
  189 21
  189 23
  189 24
  189 25
  189 28
  189 29
  189 30
  189 31
  189 34
  189 39
  189 40
  189 42
  189 43
  189 44
  189 45
  189 47
  189 49
  189 50
  189 51
  189 52
  189 54
  189 55
  189 56
  189 57
  189 58
  189 62
  189 64
  189 65
  189 66
  189 68
  189 69
  189 70
  189 71
  189 72
  189 73
  189 74
  189 76
  189 79
  189 81
  189 82
  189 84
  189 85
  189 86
  189 89
  189 90
  189 91
  189 92
  189 94
  189 95
  189 96
  189 98
  189 99
  189 102
  189 104
  189 105
  189 106
  189 115
  189 117
  189 118
  189 119
  189 122
  189 123
  189 125
  189 128
  189 129
  189 130
  189 133
  189 136
  189 137
  189 138
  189 139
  189 140
  189 141
  189 142
  189 145
  189 146
  189 147
  189 148
  189 149
  189 150
  189 155
  189 156
  189 159
  189 160
  189 162
  189 163
  189 164
  189 171
  189 172
  189 173
  189 174
  189 177
  189 180
  189 182
  189 184
  189 185
  189 188
  190 2
  190 7
  190 8
  190 9
  190 15
  190 16
  190 19
  190 20
  190 22
  190 24
  190 25
  190 27
  190 30
  190 32
  190 33
  190 34
  190 36
  190 41
  190 42
  190 43
  190 44
  190 45
  190 47
  190 48
  190 53
  190 54
  190 55
  190 60
  190 65
  190 66
  190 68
  190 70
  190 71
  190 72
  190 73
  190 76
  190 77
  190 80
  190 81
  190 82
  190 83
  190 84
  190 85
  190 86
  190 89
  190 90
  190 94
  190 95
  190 96
  190 98
  190 99
  190 100
  190 101
  190 102
  190 103
  190 104
  190 106
  190 109
  190 110
  190 111
  190 114
  190 117
  190 118
  190 122
  190 123
  190 127
  190 134
  190 135
  190 136
  190 138
  190 139
  190 140
  190 141
  190 145
  190 146
  190 147
  190 150
  190 153
  190 154
  190 156
  190 159
  190 160
  190 163
  190 165
  190 166
  190 167
  190 168
  190 169
  190 171
  190 172
  190 173
  190 176
  190 178
  190 180
  190 181
  190 182
  190 186
  190 187
  190 188
  190 189
  191 1
  191 2
  191 3
  191 5
  191 6
  191 7
  191 9
  191 11
  191 14
  191 17
  191 18
  191 20
  191 22
  191 23
  191 25
  191 28
  191 29
  191 32
  191 33
  191 34
  191 36
  191 38
  191 39
  191 41
  191 44
  191 48
  191 50
  191 51
  191 53
  191 54
  191 55
  191 57
  191 59
  191 62
  191 65
  191 66
  191 69
  191 70
  191 72
  191 73
  191 76
  191 77
  191 78
  191 79
  191 82
  191 85
  191 86
  191 87
  191 88
  191 89
  191 91
  191 94
  191 97
  191 98
  191 99
  191 100
  191 101
  191 102
  191 103
  191 106
  191 107
  191 109
  191 113
  191 117
  191 118
  191 119
  191 121
  191 122
  191 123
  191 125
  191 126
  191 130
  191 131
  191 135
  191 136
  191 137
  191 141
  191 142
  191 143
  191 144
  191 149
  191 152
  191 155
  191 156
  191 159
  191 160
  191 161
  191 163
  191 166
  191 168
  191 173
  191 178
  191 182
  191 183
  191 184
  191 185
  191 186
  191 187
  191 189
  191 190
  192 4
  192 6
  192 9
  192 12
  192 15
  192 20
  192 21
  192 22
  192 23
  192 26
  192 27
  192 28
  192 29
  192 30
  192 31
  192 32
  192 33
  192 35
  192 36
  192 37
  192 39
  192 41
  192 47
  192 48
  192 49
  192 53
  192 55
  192 57
  192 59
  192 67
  192 68
  192 71
  192 75
  192 76
  192 80
  192 83
  192 88
  192 89
  192 90
  192 93
  192 94
  192 96
  192 97
  192 98
  192 99
  192 100
  192 102
  192 105
  192 106
  192 109
  192 110
  192 111
  192 112
  192 114
  192 116
  192 119
  192 121
  192 122
  192 123
  192 124
  192 125
  192 126
  192 127
  192 131
  192 132
  192 133
  192 134
  192 136
  192 138
  192 140
  192 142
  192 143
  192 144
  192 145
  192 147
  192 149
  192 151
  192 153
  192 154
  192 157
  192 158
  192 162
  192 163
  192 164
  192 165
  192 169
  192 173
  192 175
  192 176
  192 177
  192 180
  192 182
  192 183
  192 186
  192 188
  192 190
  193 1
  193 2
  193 4
  193 5
  193 6
  193 7
  193 11
  193 12
  193 13
  193 14
  193 15
  193 16
  193 20
  193 21
  193 22
  193 26
  193 28
  193 31
  193 35
  193 36
  193 37
  193 38
  193 39
  193 40
  193 43
  193 45
  193 47
  193 50
  193 51
  193 52
  193 53
  193 55
  193 58
  193 60
  193 61
  193 65
  193 68
  193 70
  193 72
  193 75
  193 76
  193 77
  193 78
  193 79
  193 85
  193 88
  193 89
  193 91
  193 92
  193 94
  193 95
  193 100
  193 102
  193 103
  193 105
  193 106
  193 112
  193 113
  193 114
  193 117
  193 119
  193 121
  193 122
  193 124
  193 125
  193 127
  193 129
  193 130
  193 134
  193 137
  193 138
  193 139
  193 140
  193 144
  193 148
  193 152
  193 154
  193 155
  193 157
  193 161
  193 163
  193 166
  193 168
  193 170
  193 171
  193 172
  193 173
  193 177
  193 179
  193 181
  193 183
  193 185
  193 186
  193 187
  193 188
  193 190
  193 191
  194 5
  194 6
  194 10
  194 11
  194 12
  194 13
  194 14
  194 15
  194 16
  194 19
  194 20
  194 21
  194 22
  194 26
  194 27
  194 28
  194 29
  194 30
  194 32
  194 34
  194 36
  194 37
  194 38
  194 39
  194 43
  194 44
  194 46
  194 47
  194 48
  194 49
  194 50
  194 51
  194 52
  194 53
  194 55
  194 61
  194 62
  194 63
  194 64
  194 66
  194 68
  194 69
  194 70
  194 72
  194 73
  194 74
  194 75
  194 77
  194 78
  194 79
  194 83
  194 84
  194 88
  194 90
  194 95
  194 96
  194 99
  194 100
  194 102
  194 103
  194 104
  194 108
  194 110
  194 112
  194 116
  194 117
  194 119
  194 120
  194 122
  194 124
  194 125
  194 127
  194 129
  194 130
  194 131
  194 132
  194 133
  194 134
  194 137
  194 140
  194 145
  194 146
  194 148
  194 149
  194 153
  194 156
  194 162
  194 164
  194 165
  194 166
  194 167
  194 168
  194 170
  194 173
  194 174
  194 176
  194 181
  194 182
  194 183
  194 188
  194 189
  194 191
  194 192
  194 193
  195 1
  195 4
  195 7
  195 9
  195 10
  195 12
  195 13
  195 15
  195 16
  195 18
  195 19
  195 21
  195 23
  195 24
  195 26
  195 27
  195 28
  195 30
  195 33
  195 34
  195 36
  195 37
  195 40
  195 42
  195 43
  195 44
  195 46
  195 47
  195 49
  195 50
  195 52
  195 54
  195 55
  195 59
  195 62
  195 64
  195 65
  195 71
  195 72
  195 73
  195 76
  195 79
  195 82
  195 83
  195 89
  195 90
  195 91
  195 92
  195 93
  195 94
  195 98
  195 99
  195 101
  195 102
  195 103
  195 104
  195 110
  195 112
  195 114
  195 116
  195 117
  195 119
  195 120
  195 121
  195 124
  195 126
  195 127
  195 128
  195 130
  195 133
  195 144
  195 145
  195 147
  195 148
  195 149
  195 151
  195 153
  195 154
  195 160
  195 161
  195 166
  195 167
  195 168
  195 171
  195 172
  195 173
  195 178
  195 179
  195 182
  195 183
  195 185
  195 186
  195 188
  195 189
  196 2
  196 3
  196 5
  196 6
  196 7
  196 11
  196 13
  196 14
  196 18
  196 19
  196 21
  196 22
  196 25
  196 28
  196 31
  196 34
  196 36
  196 37
  196 39
  196 45
  196 46
  196 47
  196 48
  196 49
  196 50
  196 53
  196 56
  196 59
  196 60
  196 61
  196 63
  196 65
  196 69
  196 70
  196 73
  196 74
  196 76
  196 78
  196 80
  196 83
  196 85
  196 93
  196 94
  196 95
  196 96
  196 97
  196 99
  196 100
  196 102
  196 103
  196 104
  196 111
  196 112
  196 118
  196 119
  196 122
  196 124
  196 128
  196 130
  196 132
  196 133
  196 137
  196 138
  196 140
  196 142
  196 144
  196 151
  196 152
  196 153
  196 156
  196 157
  196 158
  196 161
  196 165
  196 166
  196 167
  196 168
  196 173
  196 174
  196 175
  196 176
  196 177
  196 178
  196 181
  196 183
  196 185
  196 186
  196 187
  196 188
  196 189
  196 190
  196 194
  197 1
  197 5
  197 10
  197 12
  197 16
  197 19
  197 20
  197 22
  197 23
  197 24
  197 29
  197 31
  197 33
  197 34
  197 35
  197 36
  197 38
  197 42
  197 44
  197 45
  197 46
  197 48
  197 52
  197 54
  197 56
  197 57
  197 58
  197 59
  197 61
  197 62
  197 65
  197 66
  197 67
  197 68
  197 72
  197 77
  197 78
  197 79
  197 80
  197 83
  197 87
  197 88
  197 89
  197 91
  197 92
  197 94
  197 95
  197 97
  197 99
  197 104
  197 106
  197 107
  197 113
  197 114
  197 115
  197 116
  197 120
  197 121
  197 122
  197 124
  197 126
  197 127
  197 130
  197 132
  197 134
  197 138
  197 139
  197 140
  197 144
  197 145
  197 149
  197 151
  197 156
  197 157
  197 158
  197 162
  197 163
  197 164
  197 167
  197 168
  197 169
  197 170
  197 171
  197 174
  197 175
  197 176
  197 177
  197 181
  197 182
  197 184
  197 185
  197 186
  197 191
  197 194
  197 195
  198 1
  198 2
  198 3
  198 5
  198 10
  198 13
  198 14
  198 17
  198 18
  198 20
  198 21
  198 22
  198 25
  198 26
  198 27
  198 29
  198 31
  198 34
  198 37
  198 38
  198 39
  198 40
  198 42
  198 44
  198 45
  198 47
  198 48
  198 50
  198 53
  198 56
  198 57
  198 58
  198 59
  198 61
  198 64
  198 65
  198 70
  198 71
  198 72
  198 75
  198 77
  198 78
  198 80
  198 84
  198 86
  198 87
  198 89
  198 90
  198 93
  198 94
  198 95
  198 96
  198 99
  198 101
  198 102
  198 104
  198 105
  198 106
  198 109
  198 118
  198 119
  198 120
  198 122
  198 126
  198 127
  198 129
  198 133
  198 135
  198 136
  198 138
  198 141
  198 142
  198 145
  198 146
  198 148
  198 149
  198 150
  198 153
  198 156
  198 160
  198 162
  198 163
  198 165
  198 170
  198 171
  198 177
  198 178
  198 180
  198 182
  198 183
  198 184
  198 185
  198 188
  198 192
  198 194
  198 195
  198 197
  199 1
  199 3
  199 5
  199 7
  199 8
  199 9
  199 12
  199 14
  199 16
  199 17
  199 18
  199 19
  199 20
  199 22
  199 30
  199 31
  199 32
  199 33
  199 35
  199 37
  199 38
  199 39
  199 42
  199 44
  199 47
  199 50
  199 52
  199 54
  199 56
  199 60
  199 61
  199 62
  199 63
  199 66
  199 68
  199 69
  199 71
  199 72
  199 73
  199 75
  199 78
  199 80
  199 81
  199 85
  199 90
  199 91
  199 92
  199 93
  199 95
  199 96
  199 98
  199 99
  199 100
  199 101
  199 102
  199 103
  199 104
  199 106
  199 112
  199 115
  199 116
  199 117
  199 122
  199 123
  199 124
  199 125
  199 132
  199 134
  199 136
  199 138
  199 139
  199 141
  199 142
  199 144
  199 145
  199 147
  199 150
  199 151
  199 152
  199 153
  199 154
  199 155
  199 156
  199 159
  199 162
  199 165
  199 166
  199 167
  199 171
  199 172
  199 173
  199 174
  199 181
  199 182
  199 185
  199 189
  199 190
  199 193
  199 194
  199 195
  199 197
  200 2
  200 4
  200 5
  200 10
  200 11
  200 12
  200 14
  200 16
  200 17
  200 19
  200 20
  200 22
  200 23
  200 25
  200 29
  200 30
  200 32
  200 37
  200 38
  200 39
  200 42
  200 45
  200 46
  200 47
  200 48
  200 49
  200 50
  200 52
  200 53
  200 54
  200 55
  200 56
  200 57
  200 58
  200 61
  200 62
  200 63
  200 65
  200 66
  200 67
  200 71
  200 73
  200 78
  200 79
  200 80
  200 81
  200 85
  200 86
  200 87
  200 88
  200 90
  200 92
  200 93
  200 94
  200 95
  200 104
  200 105
  200 106
  200 108
  200 110
  200 111
  200 113
  200 114
  200 115
  200 116
  200 119
  200 123
  200 124
  200 125
  200 128
  200 129
  200 132
  200 133
  200 136
  200 138
  200 139
  200 140
  200 141
  200 145
  200 146
  200 147
  200 149
  200 150
  200 154
  200 157
  200 158
  200 161
  200 163
  200 166
  200 167
  200 172
  200 173
  200 175
  200 176
  200 178
  200 179
  200 180
  200 181
  200 182
  200 184
  200 186
  200 189
  200 196
  200 197
